0.000000000000000000e+00
1.542114077504891156e+00
1.559711864328184427e+00
1.543506429313499018e+00
1.538831932013472903e+00
1.568009477003387442e+00
1.545160498485105949e+00
1.584422563957717189e+00
1.600387751223334654e+00
1.572072400995658148e+00
1.536279769037502296e+00
1.616127756267468074e+00
1.560134080684956626e+00
1.565884739126025549e+00
1.569501021092963633e+00
1.603477795931185890e+00
1.567127505823687095e+00
1.612637184296205728e+00
1.586415762677632069e+00
1.543139208546813190e+00
1.547263680882535075e+00
1.534299633592258072e+00
1.606972280597020131e+00
1.581329308762601471e+00
1.530141998863229880e+00
1.539607724256776500e+00
1.551727445508780612e+00
1.606752986670780370e+00
1.549467308782032093e+00
1.562047136773073053e+00
1.563820732236923527e+00
1.557441464183078494e+00
1.597788593580252714e+00
1.542051265967361973e+00
1.580907948200667379e+00
1.620920906805648931e+00
1.568987030929846371e+00
1.555141483451177642e+00
1.578662558701079854e+00
1.530051496651426923e+00
1.565216262254221169e+00
1.556230665037525052e+00
1.564516579171613353e+00
1.582664350280522436e+00
1.574755723619994496e+00
1.546244768508848733e+00
1.533028883730233938e+00
1.566083417723255211e+00
1.551203118526686797e+00
1.571481683957021813e+00
1.550603949229635958e+00
1.522543188468743258e+00
1.534544401940957981e+00
1.630772187480529656e+00
1.516891303110098566e+00
1.592302700271196914e+00
1.578573179630706758e+00
1.571958850407558339e+00
1.571678757044710606e+00
1.599339988377701083e+00
1.517661616226899435e+00
1.503112154598132078e+00
1.580977052323403242e+00
1.564386059583436239e+00
1.596041626679712833e+00
1.535470847945762829e+00
1.559690199371007280e+00
1.625285340601775763e+00
1.635158213445710995e+00
1.537783034724709896e+00
1.549764862734042126e+00
1.564149618930441354e+00
1.591453461211997489e+00
1.574976790329840615e+00
1.565718635614211429e+00
1.553449775669957900e+00
1.557636077440859745e+00
1.575801468136925676e+00
1.616330292954162307e+00
1.563467161225042146e+00
1.564557401442994822e+00
1.546594727869992303e+00
1.583512317770354061e+00
1.626676088701220380e+00
1.556309437545247754e+00
1.556768874430615179e+00
1.534915621811939301e+00
1.536554720867845614e+00
1.595601415588205008e+00
1.569409808950788854e+00
1.525423802765371484e+00
1.568248253584416219e+00
1.558699909041476150e+00
1.543408793625957509e+00
1.560145095517702529e+00
1.568962056543758532e+00
1.555908322691437196e+00
1.566902339817811241e+00
1.500451022500207454e+00
1.592293534575227598e+00
1.615865612291277786e+00
