0.000000000000000000e+00
1.535300321307422999e+00
1.560448390612845015e+00
1.534999792807645091e+00
1.518508810123997188e+00
1.570910545031200645e+00
1.562408607634777180e+00
1.580817758884591751e+00
1.597026044061333971e+00
1.595257180681553866e+00
1.522211964557535380e+00
1.603202681213178327e+00
1.580364077019455804e+00
1.580458531365095620e+00
1.554224845118696186e+00
1.592035941840084234e+00
1.576079243813385045e+00
1.610285070494672510e+00
1.597659948095986548e+00
1.511275975796925852e+00
1.546037685890546687e+00
1.549453415912357190e+00
1.579833646462634134e+00
1.565529798154976282e+00
1.530029284503357845e+00
1.552797872817876401e+00
1.538766470139876663e+00
1.572926819822665356e+00
1.552647954996061896e+00
1.549087233749085968e+00
1.574074555733923964e+00
1.603250985297737019e+00
1.575058473191956576e+00
1.530082996677893936e+00
1.602048247456605790e+00
1.623305744715125343e+00
1.592009348640445854e+00
1.562538338345891731e+00
1.548666991391681291e+00
1.520574966598552402e+00
1.565563025540498199e+00
1.583003364799434376e+00
1.584119863181960186e+00
1.554892937156784560e+00
1.576050532376580993e+00
1.567006063035394803e+00
1.522294232633194744e+00
1.575379153115433750e+00
1.579356024308484541e+00
1.574449391003732712e+00
1.549083697536784543e+00
1.515019493680035412e+00
1.568580468068438982e+00
1.640361740230790177e+00
1.531022864978205611e+00
1.560664301789997710e+00
1.565094218640254775e+00
1.554539915460193544e+00
1.555164140406006146e+00
1.610356608252304866e+00
1.548542332587701020e+00
1.518714672367655671e+00
1.579447621637486865e+00
1.588984705433629463e+00
1.589371956364163507e+00
1.534221018166643802e+00
1.578782572020891450e+00
1.608006198082889693e+00
1.612792534495289587e+00
1.558091993642737538e+00
1.508699242281654307e+00
1.577078452541275544e+00
1.601248909533615761e+00
1.567951076677211120e+00
1.570187115988367133e+00
1.563426923994500228e+00
1.573826128059387042e+00
1.581303538179573476e+00
1.602659635827174744e+00
1.543328633080632395e+00
1.577338643262554463e+00
1.561787099886074559e+00
1.607310159034678332e+00
1.580120449356321899e+00
1.588885978506917152e+00
1.559420208939782837e+00
1.545883985554449502e+00
1.535698489174710968e+00
1.560026606684724371e+00
1.574195330790117531e+00
1.531009883264863980e+00
1.578769512241283923e+00
1.560822548979366120e+00
1.560452178936619028e+00
1.533266670253726094e+00
1.545649083750902264e+00
1.575582426582627926e+00
1.579668888194019960e+00
1.502734236588000316e+00
1.543404626300960203e+00
1.595226398666559353e+00
