0.000000000000000000e+00
1.881981638296638115e+00
1.935627200650438251e+00
1.894401164868259269e+00
1.902109885525792521e+00
1.967500897008173766e+00
1.914139953916685677e+00
2.035372165872457728e+00
2.069119461482447075e+00
1.995815440097516102e+00
1.881568110134219873e+00
2.117334074215795336e+00
2.062494740842755192e+00
2.026978887779549598e+00
2.043669522807105565e+00
1.960067505048904035e+00
1.989690202151470189e+00
1.864232079469040793e+00
1.978901330692701466e+00
1.918752485829946508e+00
1.940997029819192310e+00
1.904160732809522472e+00
1.840225603591503001e+00
1.953406657156749215e+00
1.997293804279079765e+00
1.974155707905398627e+00
1.974992187636805507e+00
2.042608736635012523e+00
1.904324801881148055e+00
1.957627236002604576e+00
1.917639739543919974e+00
1.849824919063925988e+00
1.955812685602040135e+00
1.920776286411797873e+00
2.101972906069807134e+00
1.934457296085219324e+00
1.927193645104364306e+00
1.945006643953643533e+00
1.967599364672840689e+00
1.898908924847725332e+00
1.916213789246053789e+00
1.927469490164874122e+00
2.000436295394288244e+00
1.909003345811078445e+00
1.921602663796952548e+00
2.045400600050388817e+00
2.002766365267629300e+00
1.880092553125869870e+00
1.978933142535453271e+00
1.928821656346025426e+00
2.053302448280425185e+00
1.888351267316994209e+00
1.905377459253894346e+00
1.970853944430650539e+00
1.751390083391754171e+00
1.939090171893175452e+00
1.784523707565731421e+00
1.926882398552969056e+00
1.967879918929138272e+00
2.050001104780346139e+00
1.869100616385077185e+00
1.728531692918134244e+00
1.959547624933963617e+00
2.054671774329896561e+00
1.995969477253482172e+00
2.012488698684939958e+00
1.891083621621491018e+00
2.088188070831536347e+00
2.025483976395123786e+00
1.997538836034368437e+00
1.925762229345916898e+00
2.008643102311427064e+00
2.115788896254580109e+00
1.964635208394258648e+00
1.965035085096827894e+00
1.939932881493057204e+00
1.851360837996817832e+00
1.903911799300703533e+00
1.897236749507316134e+00
1.845863811061412507e+00
1.892609347384830443e+00
1.739736064384825642e+00
1.942164482690546867e+00
1.956811179250499411e+00
1.803423240329965704e+00
1.811518620489614761e+00
1.934915772563578162e+00
2.063358534471743333e+00
2.017723424013888156e+00
2.056491021016174869e+00
1.767680863318709550e+00
1.800970521215998099e+00
2.002119960731831405e+00
1.875999994347205879e+00
2.058695310519134569e+00
2.046809402963579938e+00
1.961597595195605059e+00
2.044520448902944043e+00
1.932114107691191851e+00
2.018619192742254764e+00
1.982639216817032590e+00
