0.000000000000000000e+00
1.419046325279992082e+00
1.431378426403063120e+00
1.427836689193084041e+00
1.407124264679234349e+00
1.445338504510963018e+00
1.425814344531239453e+00
1.439190737196119008e+00
1.444784707360901699e+00
1.461531055885289421e+00
1.415257119401662100e+00
1.470658281214435981e+00
1.427165927244487431e+00
1.438848331585216966e+00
1.440280644245201414e+00
1.465328770871816122e+00
1.430021832165799367e+00
1.465439893662782822e+00
1.453889774775365851e+00
1.407060366543688268e+00
1.443710828583159467e+00
1.424116335200806160e+00
1.440687888855749277e+00
1.439869678963666466e+00
1.405756125198762696e+00
1.406283731133453063e+00
1.427722778042061158e+00
1.456656233309168824e+00
1.426829700319600658e+00
1.436499736659775595e+00
1.418097839755320999e+00
1.442873491542227216e+00
1.453070182087604856e+00
1.420651953405543955e+00
1.468572804460544612e+00
1.477169143600405077e+00
1.461082877629710230e+00
1.417308454515623151e+00
1.430007649888560550e+00
1.398745703488636583e+00
1.445526205074115556e+00
1.442155429227552466e+00
1.426233278077701838e+00
1.447100844120683405e+00
1.428853812914716137e+00
1.446617451685973998e+00
1.407396117753559217e+00
1.438210490942917197e+00
1.427271128239218312e+00
1.444211178305894849e+00
1.423155868730665130e+00
1.412833294658944583e+00
1.432454202495078155e+00
1.495135222030865130e+00
1.416037202541769568e+00
1.422906437623882026e+00
1.438594484533215923e+00
1.422589259361557890e+00
1.427096336395982323e+00
1.466587941880725943e+00
1.400798201473258953e+00
1.401080147559068179e+00
1.441566056373651428e+00
1.445307360235273730e+00
1.483902332608175945e+00
1.444611059231999839e+00
1.439597546950745377e+00
1.481026135709214708e+00
1.486394443742578231e+00
1.415462070817163465e+00
1.409063190890039952e+00
1.447921173076104351e+00
1.455687961520186757e+00
1.430983477262494530e+00
1.436142004494330715e+00
1.411200758297074920e+00
1.431333608855685391e+00
1.438404388412487522e+00
1.463877740841122987e+00
1.412417620537586016e+00
1.455235794677315564e+00
1.419042971236343709e+00
1.459566184026432012e+00
1.457465375388707685e+00
1.431958593940705571e+00
1.439621791965632447e+00
1.408910597087665417e+00
1.430674405710719022e+00
1.455023269946665199e+00
1.432350671175503853e+00
1.401251103076600391e+00
1.427016876572313464e+00
1.449135652620621828e+00
1.406931104784547193e+00
1.432171176533215906e+00
1.436648923387185084e+00
1.438594240476122055e+00
1.448378603905701389e+00
1.399908207391743709e+00
1.419966313595933505e+00
1.487301686675490009e+00
