0.000000000000000000e+00
2.339070837007992232e+00
2.296992081368984806e+00
1.846842474267362366e+00
2.322907011069332395e+00
2.684438821198992464e+00
2.499969683718712421e+00
1.966401016636797561e+00
2.517168031778584059e+00
2.263065793961432259e+00
2.752788535117209445e+00
2.593209222029461358e+00
2.185050525373927854e+00
2.906124466961887531e+00
2.310686217980153501e+00
2.317157789720750483e+00
2.600377508978811480e+00
2.240854170901150244e+00
2.163556501648142838e+00
2.369522070408936809e+00
1.704184979890899454e+00
2.745891096851490243e+00
2.617015834876118774e+00
2.736885147638582261e+00
2.504767785845810835e+00
1.889090595256379235e+00
1.940217647394260947e+00
2.698036363344343158e+00
2.496882249860274960e+00
2.465555411619799298e+00
2.645272102891326416e+00
2.199409401575201706e+00
1.895954439953197124e+00
2.667402397968678063e+00
2.735427923674585760e+00
2.548685113307864736e+00
2.118151938292974101e+00
1.833566130653848214e+00
2.650539479028105827e+00
2.195364617183008349e+00
2.240379781650094326e+00
2.737651489179938391e+00
2.474502875671942714e+00
2.249259358366508366e+00
2.326099070127578106e+00
2.528003690495360445e+00
2.698785351331681515e+00
2.636922298941113851e+00
1.951798090984653733e+00
2.634126426450654090e+00
2.251652020023345191e+00
2.106084399876159363e+00
2.329818568954160174e+00
2.487684520206970618e+00
2.267229342108538770e+00
2.987740595849199821e+00
2.850416153696933463e+00
2.057818354267247241e+00
2.924391235797265676e+00
1.931243949262652304e+00
1.949699440020132402e+00
2.307148328200164134e+00
2.504356144235413417e+00
2.005484568311886928e+00
2.648605940903312472e+00
2.405928628445867634e+00
2.676995294582288132e+00
2.715005704759637872e+00
2.631212131746643479e+00
3.059183435969969000e+00
2.280756744704763861e+00
2.447837512053015363e+00
2.351970542874159520e+00
1.971709857929097920e+00
2.329198281745203047e+00
2.201836992573197982e+00
2.029751740727709475e+00
2.470053737232219770e+00
2.850052085961197523e+00
2.149964228558930657e+00
1.786798337338561415e+00
2.783688106989777644e+00
2.392937043137680408e+00
2.014768423709440981e+00
2.109220921067087140e+00
3.132528725801963621e+00
1.835485593016164430e+00
2.817166620181434489e+00
2.444028478897707135e+00
2.046750608208558475e+00
2.573031854376865546e+00
1.929740416497930600e+00
2.498980127223660475e+00
2.243345176331862145e+00
2.446977054298381749e+00
1.761910778624994345e+00
2.976475135814659279e+00
2.302094555027414557e+00
1.903096772620934019e+00
2.056094213947143867e+00
2.674213269345266930e+00
