0.000000000000000000e+00
9.523295709787443775e-01
1.023694551741399783e+00
9.720121038921001322e-01
9.859866234925248607e-01
9.759689867694232301e-01
1.113480334455896115e+00
1.063383730270723637e+00
1.179127026779571930e+00
1.117762829450839046e+00
1.010895508982386781e+00
1.112965867437382572e+00
1.041808963359105000e+00
1.032601946330016451e+00
1.082902549129122649e+00
1.047027242592272422e+00
1.140120594003618759e+00
1.044940998407611676e+00
1.063832564505212464e+00
9.337759904570198666e-01
1.020155340715360293e+00
1.089323308062879692e+00
1.153329499290830285e+00
1.114354781837882058e+00
1.080224158795522360e+00
1.105096023763918689e+00
1.066243356637954776e+00
1.144363762584609034e+00
1.018506706088033953e+00
1.121737319610338623e+00
1.082413604764423276e+00
1.026509542046193824e+00
1.077108195039873983e+00
9.702608935859001749e-01
1.154205990188499786e+00
1.210295454350886812e+00
1.086910310979504857e+00
1.174663897933019951e+00
1.105960849879031649e+00
1.090636658269180437e+00
1.175854657098323042e+00
1.147215087800956601e+00
9.758312569803119230e-01
1.050526056524224483e+00
1.034475319609450938e+00
1.024317040380364308e+00
9.656510485043225955e-01
1.067262854600177224e+00
1.037856016295594097e+00
1.050960280954553738e+00
1.094774388478513050e+00
9.432340623182422501e-01
9.913749383931358405e-01
1.203462798258814415e+00
1.001484569325501450e+00
1.080620225023611880e+00
9.888450614748243162e-01
1.134312734141264212e+00
1.057614077254023455e+00
1.190830428486850945e+00
1.005300478244254059e+00
9.539093469510800949e-01
1.077562237878917584e+00
9.929173244498704642e-01
9.916709179646520100e-01
8.978439791597475628e-01
1.129605753470756868e+00
1.133217578833609185e+00
1.206033991174428444e+00
1.023276647528412520e+00
1.042457520244380209e+00
9.551969347873272564e-01
1.003099584357903362e+00
1.013427962145605932e+00
9.869514303710101855e-01
1.005523193763283807e+00
9.911711624309716973e-01
1.068660907669903626e+00
1.138766490496808004e+00
1.052261941033124648e+00
1.043651328852140292e+00
1.091436862620267068e+00
1.095722077384063020e+00
1.192866155361990144e+00
1.107960794734850651e+00
1.154129657522887209e+00
1.111964765705716784e+00
1.016521615571232218e+00
9.806272386964397514e-01
1.014315392110101355e+00
1.052475485570546265e+00
9.701731682457580552e-01
1.146429266282446013e+00
9.710104616078635287e-01
1.127220744814035003e+00
9.739393281486637965e-01
1.109000750154750747e+00
1.092858709062191513e+00
9.158697177635580777e-01
1.178820363440407748e+00
1.094618095242834599e+00
