0.000000000000000000e+00
1.514763967669946698e+00
1.255567285748523831e+00
1.728031653914730237e+00
1.454827459503419629e+00
1.600856252956760262e+00
1.394745616828242829e+00
1.270301223103863064e+00
1.837608568292009803e+00
1.485349854393704483e+00
1.127151835800933144e+00
1.505914166309056279e+00
1.423776143046797449e+00
1.559823141727847640e+00
1.368769733421171919e+00
1.838414804366121702e+00
1.341762251857012478e+00
2.115225706826820762e+00
1.486416117969907358e+00
1.390880537914917836e+00
1.293552842900246080e+00
1.222998452418422088e+00
1.198221427938328754e+00
1.180557962729206878e+00
1.351767610526431795e+00
1.166411071114021869e+00
1.139316806412827177e+00
1.091070669609288446e+00
1.206282144002047696e+00
1.546192129053077124e+00
1.228995763888278026e+00
1.422742529955851154e+00
1.627519248638241711e+00
1.555329869579577640e+00
1.992498866062020868e+00
1.424560235992089918e+00
1.342337053401495783e+00
1.516332947165994982e+00
1.693932751672897252e+00
1.652740522775520082e+00
1.554163487703194457e+00
1.719465815427859035e+00
1.216902251084089448e+00
1.429085348779919773e+00
1.181126282690671436e+00
2.126987701605313141e+00
1.304272741941832292e+00
1.978615976312506186e+00
1.049615759462587228e+00
1.359165220710698119e+00
1.625925210808883969e+00
1.021579717031854351e+00
1.413369874775592061e+00
1.796502179456811676e+00
1.451566862643754563e+00
1.359153910638107199e+00
1.422600485998973596e+00
1.158042646300067258e+00
1.189404155201330360e+00
2.290414412477968398e+00
1.379320858543154893e+00
1.786753386511938713e+00
1.439363741266686869e+00
1.366116395423505825e+00
1.595142123602213191e+00
1.653377700521978744e+00
1.359544948549565868e+00
1.733988392863954120e+00
2.029077635955706338e+00
1.101119155247726855e+00
1.035671383825161218e+00
1.627495071316586994e+00
1.126308623976487011e+00
1.879420773928879518e+00
1.147377049746914013e+00
1.325512189622744419e+00
1.870279225739403417e+00
1.466519509139009747e+00
1.445809459420643206e+00
1.247341775608245662e+00
1.603998634131523993e+00
1.603878929645803808e+00
1.160222511441850957e+00
1.628715070348512928e+00
1.213681874364836100e+00
1.078652771027184709e+00
1.556877952049183111e+00
1.263406935062307612e+00
1.513986391536881415e+00
1.190068168058171727e+00
1.798720390557848603e+00
1.687770981309423934e+00
1.212082053254098346e+00
1.004856837735504049e+00
1.316911625419176612e+00
1.825313350055978390e+00
1.606335479276673084e+00
1.216014130372249147e+00
1.037113669719714970e+00
1.735030199667477069e+00
1.846810193280210788e+00
