0.000000000000000000e+00
1.550406274728741041e+00
1.577836618958897041e+00
1.541874904140152047e+00
1.510229859410701314e+00
1.571406325362763257e+00
1.557766155157477517e+00
1.604494108420838838e+00
1.593068502604993331e+00
1.578935906199789629e+00
1.555307820177082245e+00
1.602784131752442276e+00
1.558955140035840348e+00
1.578069579895396535e+00
1.537145467535682819e+00
1.590864311629373251e+00
1.562784512811458804e+00
1.605755911869310104e+00
1.594193313569661541e+00
1.552840206441886250e+00
1.563139169354737623e+00
1.562309054089170868e+00
1.571631719321010978e+00
1.553888980605615311e+00
1.543338235294708483e+00
1.529932064583032991e+00
1.544782906386284127e+00
1.578514633212565021e+00
1.548513183798038373e+00
1.594089042389917221e+00
1.544112701058881099e+00
1.563744575160073813e+00
1.585171726822699245e+00
1.535483531235335874e+00
1.612050402420094120e+00
1.605770467404711743e+00
1.589530835225670513e+00
1.564764198500065540e+00
1.550898251491228397e+00
1.518551973227074692e+00
1.596662985883687380e+00
1.566182997441091684e+00
1.571568782395532438e+00
1.577333394842868053e+00
1.545017424001111195e+00
1.560850669345811514e+00
1.513536222962815980e+00
1.546984561894244603e+00
1.579023812479292355e+00
1.575836502198411537e+00
1.557236043342322684e+00
1.504927332641579962e+00
1.554921045631940446e+00
1.638962966741535077e+00
1.520767868004235801e+00
1.569074479931478416e+00
1.591077484261974151e+00
1.526815424670920684e+00
1.560877982661462937e+00
1.584983343479906548e+00
1.535303255646840892e+00
1.539211175823788968e+00
1.612012901389658026e+00
1.568996305798829427e+00
1.601240320400820538e+00
1.528916435989509104e+00
1.573455943177084482e+00
1.626827823341634227e+00
1.630818714059249830e+00
1.535105420244394558e+00
1.524124067392073734e+00
1.590884487220102006e+00
1.599957755884989119e+00
1.551486900648639145e+00
1.552486877632889062e+00
1.578954681988595787e+00
1.552417546121498848e+00
1.549205828857183276e+00
1.607851811320391455e+00
1.538779071938359388e+00
1.585574341249843977e+00
1.574260554447825644e+00
1.589643239080397619e+00
1.625979959259314711e+00
1.589864860920975564e+00
1.529206609125800975e+00
1.516605553514511762e+00
1.549304214512774891e+00
1.584676941636125935e+00
1.563697750445127932e+00
1.527267851751433314e+00
1.537846553079927014e+00
1.603386577356528342e+00
1.511165327658412494e+00
1.548522256743321446e+00
1.571090348552789173e+00
1.561142947646915857e+00
1.571767987611156325e+00
1.514930191580245111e+00
1.558218653368048212e+00
1.616964866208232765e+00
