0.000000000000000000e+00
9.077339217817558259e-01
1.031548780616566185e+00
9.344526660437421084e-01
8.452328224113387911e-01
1.190112465186198287e+00
9.271017287483603875e-01
1.244135233867531998e+00
1.107618683899242562e+00
8.573632276766762761e-01
9.945046205428812458e-01
9.715884304337525368e-01
1.192863079771179668e+00
1.072041299134456116e+00
1.088199462890306446e+00
1.215423834104582212e+00
9.292606363890101306e-01
1.343909631854981024e+00
1.119404734286982395e+00
8.949360891960209674e-01
1.000765261873478806e+00
9.398310667506072358e-01
1.302526156380032551e+00
1.124772965204869024e+00
8.188244702018860899e-01
8.701950778799555364e-01
1.128076055410211387e+00
9.336881015718364596e-01
1.083806581909655176e+00
8.665783010704817269e-01
9.483655072602931169e-01
1.097277770522596896e+00
1.096641011083051787e+00
1.037455715635403841e+00
8.894150844659769461e-01
1.136178004686066556e+00
1.014850758194697500e+00
1.292065824633222837e+00
1.007106948278179814e+00
1.175278416756991851e+00
1.120469883396129740e+00
9.454119202670591138e-01
1.119289179802485323e+00
9.088083888234093077e-01
9.139515302173225608e-01
1.026546694180011654e+00
9.199802627623216988e-01
8.171365238648131690e-01
1.013513039959282880e+00
1.262992629822442314e+00
1.083211417300453672e+00
1.066304059989289676e+00
1.251424462221033318e+00
1.244551225875333955e+00
1.203452155400848378e+00
9.380261693319486005e-01
1.215241890141446568e+00
1.072371793066523749e+00
1.085672700640627264e+00
9.479005796970126907e-01
1.094488646801730081e+00
8.769460519879054283e-01
1.107212542122248067e+00
9.670242477897185163e-01
1.129527322160087000e+00
8.855311453978824687e-01
1.146417295391931157e+00
1.217691331538476973e+00
1.422936127246979154e+00
1.011926744479951568e+00
9.964051713014694389e-01
1.171828984294643439e+00
1.053292423979227843e+00
1.106517778652806427e+00
9.218261523886404074e-01
1.095075427496958298e+00
9.502743766383309199e-01
8.621083341609487860e-01
1.180896302262720132e+00
1.081976619931162453e+00
1.074987027634241477e+00
1.023656091359649301e+00
9.167078723568780063e-01
9.335688721389847622e-01
9.614152671723390498e-01
1.058393837054768305e+00
9.579716211338341614e-01
1.237081239823347500e+00
9.367049042308154272e-01
1.048352586576093204e+00
8.668252946966888972e-01
9.317897941250454785e-01
8.337984023971167780e-01
1.065289698466461266e+00
9.320658448024354836e-01
1.061554773160127141e+00
9.070142135289792629e-01
1.287073192998041238e+00
9.121611127780436812e-01
9.075765618214797215e-01
1.351976410681095198e+00
