0.000000000000000000e+00
1.308342803220810202e+00
1.573394083391342235e+00
1.181389869165172302e+00
1.313404205440285466e+00
1.225878973072585199e+00
1.218698132011102331e+00
1.446911341511788018e+00
1.638108242099786116e+00
1.580612715957324221e+00
1.117467995428618410e+00
1.365251186731605060e+00
1.367508792632682546e+00
1.626041841861538995e+00
1.307771679636618334e+00
1.496523807344210200e+00
1.326421499673327675e+00
1.337862246283422873e+00
1.546069577694096031e+00
9.634721619431652062e-01
1.389877981829636955e+00
1.509260409314111984e+00
1.373343796057390209e+00
1.518996655625991954e+00
1.120845313074881666e+00
1.156893080634440851e+00
1.207487773390236496e+00
1.683295444679326236e+00
1.452007146421350203e+00
1.581697159076768333e+00
1.520512590787820972e+00
1.315220329543731692e+00
1.752495059545415845e+00
1.209721982886196034e+00
1.468173415977082064e+00
1.628850423072652598e+00
1.620644562429578661e+00
1.504008981464910910e+00
1.211756415014743959e+00
1.016483271384791998e+00
1.306181780026655526e+00
1.357043022516957409e+00
1.319658468328908763e+00
1.875239562497520440e+00
1.374133499658356516e+00
1.126291228923914867e+00
1.027786066643017859e+00
1.324704359632237649e+00
1.851302078049878341e+00
1.648712766758888559e+00
1.669758100445738025e+00
1.482113712766403468e+00
1.405708088395881683e+00
1.360163213867758403e+00
1.078603678946333577e+00
1.789938992261850270e+00
1.201240791353656023e+00
1.204803042832917948e+00
1.765305773974007231e+00
1.692332054184576551e+00
1.066055173278745105e+00
1.526253423677515819e+00
1.660474948069351697e+00
1.852568501325890793e+00
1.704477314150572909e+00
1.167581664584769641e+00
1.731115792932139463e+00
1.727952083897853708e+00
1.468575955819857448e+00
1.032116582407321959e+00
1.199989108326679599e+00
1.441755688053627527e+00
1.610739114633237934e+00
9.477995196767415864e-01
1.193215058196458678e+00
1.167239057092886334e+00
1.444627059256698320e+00
1.069850718680341872e+00
1.458002190675955045e+00
1.395802901231097071e+00
1.753050831637833262e+00
1.473774019657679846e+00
1.338455012151956725e+00
1.365524674412866624e+00
1.484338906611417430e+00
1.151746825737384183e+00
1.285644131574432691e+00
1.181151680765282208e+00
1.730442767809514448e+00
1.297222745111600739e+00
1.538338223259000825e+00
1.045226133403949209e+00
1.931260037076413028e+00
1.255398499836272830e+00
1.171457792888466853e+00
1.458404641087724496e+00
1.703953653426135251e+00
1.441589383576062477e+00
1.182531794703544969e+00
1.800890034977580934e+00
1.232012071259000585e+00
