0.000000000000000000e+00
1.416870512924947922e+00
1.431192571634833266e+00
1.420050604697710162e+00
1.409957668296621280e+00
1.444681688719538393e+00
1.429431148326848922e+00
1.445485176027839325e+00
1.455104737518154723e+00
1.463316292786480233e+00
1.408854036835434531e+00
1.458669539638718593e+00
1.426109197676573181e+00
1.439621174283260530e+00
1.448351156225158975e+00
1.465669624509410074e+00
1.436570562459712708e+00
1.466819368953572678e+00
1.454813604782120517e+00
1.396679665701771933e+00
1.425986262912337876e+00
1.417258523227493017e+00
1.451082794107188878e+00
1.439997151983070101e+00
1.406035176633062100e+00
1.414237756853640615e+00
1.427114570955017925e+00
1.449179831782210659e+00
1.425454476332775000e+00
1.436736119456195615e+00
1.417547259933775505e+00
1.446647374235769723e+00
1.465269241359678620e+00
1.413732997941859582e+00
1.462820807084895147e+00
1.463887082512913551e+00
1.457923516195356983e+00
1.434880526047225491e+00
1.433827817875078736e+00
1.395881869305650280e+00
1.440920824332617478e+00
1.435822708945491799e+00
1.429286169205242318e+00
1.444763509410986080e+00
1.426547091562329728e+00
1.428381726658880746e+00
1.402257279209441654e+00
1.432318626975933151e+00
1.418524446231825609e+00
1.453587931155378765e+00
1.419885519791743489e+00
1.404782584000257906e+00
1.417867449696140092e+00
1.490245724479815070e+00
1.412940974242392178e+00
1.417494322021046083e+00
1.434314632164692904e+00
1.420849130292591855e+00
1.430572660260398532e+00
1.464763191002779408e+00
1.408006181108047983e+00
1.396572766827574030e+00
1.443145047018690619e+00
1.450922369922350574e+00
1.468295452407762491e+00
1.411094629051663718e+00
1.432593905203788376e+00
1.499241774544387562e+00
1.492108848359259499e+00
1.419831224113024648e+00
1.399660358724407638e+00
1.440591393748115179e+00
1.459752972135998972e+00
1.438438372455189018e+00
1.432609379033606078e+00
1.410574429121332685e+00
1.429239198349110174e+00
1.441524882882248670e+00
1.469877766220668791e+00
1.433612350745292696e+00
1.446671458526610721e+00
1.420125119787294832e+00
1.454433134429778063e+00
1.448796604163938184e+00
1.437913839684433537e+00
1.405516282187487143e+00
1.420358198207388734e+00
1.434337941926252302e+00
1.450979743477984307e+00
1.437799871859942069e+00
1.399991911495357622e+00
1.431077962465689524e+00
1.444842158188259562e+00
1.413678571416099761e+00
1.433176651261358403e+00
1.425433756161515575e+00
1.449115058337856921e+00
1.462712308794058336e+00
1.393762676471969497e+00
1.432806727053520524e+00
1.466607180945918243e+00
