0.000000000000000000e+00
1.833305062704944310e+00
1.961085652929833723e+00
1.904964807132126570e+00
1.832274048212641171e+00
2.059052880336162961e+00
1.853259215542908844e+00
2.572303106170809261e+00
2.266068104027454844e+00
2.283251701326178829e+00
2.128763061839084703e+00
2.151446396806280248e+00
2.241529290885516446e+00
1.588973661260884906e+00
1.684542938959113778e+00
2.309265922571174023e+00
1.668898084067546694e+00
1.834931697089658309e+00
2.015195359971940547e+00
2.233375895453375115e+00
1.979809746231596002e+00
2.036605474275718919e+00
2.752095099005281043e+00
2.545930502678954710e+00
1.905657693597169855e+00
2.245891625330925123e+00
1.648383567669140293e+00
2.370105806184788833e+00
2.340494363618802698e+00
2.183007024289298048e+00
2.218805392894624084e+00
2.197686642538319024e+00
2.105273700196963027e+00
1.991402166535892082e+00
2.420238206448460438e+00
2.388458878700940424e+00
1.876783004411556988e+00
1.682997200739644317e+00
1.646968031186567538e+00
1.892876196557630397e+00
2.391082114586657426e+00
2.332212891648095532e+00
1.805760512895253633e+00
2.779639047197718149e+00
1.727071938224810976e+00
2.081082722529124407e+00
2.042174922878420062e+00
1.684747484638312365e+00
2.232649544446590806e+00
2.347851702118685768e+00
2.119918199801044789e+00
1.537733357475099538e+00
2.231224983969857245e+00
2.567653513689961198e+00
1.999335285953589558e+00
1.888901159434461796e+00
1.906790510478252543e+00
2.313769401523245950e+00
2.100632006026638798e+00
2.209221592312180515e+00
2.297880867018157414e+00
1.694014815413778852e+00
1.656133039298002041e+00
1.779392620980623896e+00
2.716599217112035447e+00
1.640620645902609809e+00
1.802486911079890897e+00
2.411429503206630187e+00
2.793154282117282783e+00
1.836038254853784579e+00
2.336990218027062749e+00
1.728345046221132719e+00
2.822077810693457423e+00
1.841925307618273555e+00
2.281705188857212185e+00
2.077817548225794120e+00
1.860106659203316415e+00
2.066243609937192360e+00
2.902068295798755582e+00
2.279036763732836590e+00
2.257887172984744062e+00
1.744949890045719432e+00
2.608745835577236605e+00
2.030285466501142722e+00
1.679450090217667002e+00
1.978031405455640712e+00
2.150458373630153908e+00
2.603057438161173742e+00
2.019377143307032885e+00
2.170015507740040483e+00
2.384970056575832498e+00
2.378202572081542510e+00
1.532869087551532949e+00
2.387167418472567082e+00
2.078216652671394993e+00
1.895829811386860131e+00
2.428712084919584235e+00
1.832413739946540554e+00
1.980021185399776673e+00
1.930312479110507518e+00
2.378751056528553232e+00
