0.000000000000000000e+00
1.418867037355113325e+00
1.434081349995285581e+00
1.417376005432084307e+00
1.408859019314121053e+00
1.443375954777223802e+00
1.426327060438221883e+00
1.451827281626032695e+00
1.466502616373437151e+00
1.461727398607789885e+00
1.421276705023631903e+00
1.468311068847715450e+00
1.425490738523196521e+00
1.439841720918101808e+00
1.436808242689538551e+00
1.453978150148490744e+00
1.441954207905793650e+00
1.474110708829008631e+00
1.461060634226521993e+00
1.394260935676933544e+00
1.422610696299984046e+00
1.410381073495050375e+00
1.460404875106140254e+00
1.435743201871989783e+00
1.411103341307279324e+00
1.424099099895714149e+00
1.425570796886614922e+00
1.450109195493948233e+00
1.431623859843946578e+00
1.433531526889683549e+00
1.422836756038162065e+00
1.455499175952123414e+00
1.465637578308309319e+00
1.418279349318088078e+00
1.478427601661939095e+00
1.477061642161147548e+00
1.462844277072064214e+00
1.411826765660359806e+00
1.432740449501863411e+00
1.402061764294733726e+00
1.439071625703957080e+00
1.441701071764404540e+00
1.434211799110572061e+00
1.448557954360647493e+00
1.426313896286983018e+00
1.420042651707400960e+00
1.412939845380210446e+00
1.429731340632666381e+00
1.426539123403547826e+00
1.447198688461097449e+00
1.427864408475042923e+00
1.396334229990176867e+00
1.414876781473143552e+00
1.507316792516428583e+00
1.420443690517923852e+00
1.427543928334194190e+00
1.448275633549009012e+00
1.418605710552828025e+00
1.437348323324085131e+00
1.478806353643125737e+00
1.402244735813801269e+00
1.399811312073876435e+00
1.433177099225900530e+00
1.443990533921292396e+00
1.458105635358041940e+00
1.424033913747551949e+00
1.428141149831816614e+00
1.495446785019493907e+00
1.482977105574195820e+00
1.439810092906989913e+00
1.414922944549082295e+00
1.452317587567078849e+00
1.457744288263308485e+00
1.440097104363994962e+00
1.427445158877927556e+00
1.405736578880742993e+00
1.434177883625685102e+00
1.432838858219237954e+00
1.476893771386620369e+00
1.421438112737735127e+00
1.462504856548139998e+00
1.421125756938690587e+00
1.454231195901211748e+00
1.466958547298441440e+00
1.445070703557080227e+00
1.417645090316223877e+00
1.422094976533251343e+00
1.423994727826887852e+00
1.457971587762505683e+00
1.437243620800984667e+00
1.413466849412091664e+00
1.434989419670478661e+00
1.445866318761454439e+00
1.412858989453411596e+00
1.427710885845592914e+00
1.417001240080285163e+00
1.443366951026017198e+00
1.458639321996245020e+00
1.407848768808610540e+00
1.424831327336914200e+00
1.476401982135665314e+00
