0.000000000000000000e+00
3.759836781580156551e+00
3.021508216407316816e+00
4.115146269993398498e+00
3.523578993776804058e+00
3.793707421633487176e+00
3.436146744436335609e+00
3.083048926559224245e+00
4.462713317020726045e+00
3.643170638353958157e+00
2.706386947849385827e+00
3.688082517105781832e+00
3.459063645043110924e+00
3.794580026318604027e+00
3.407254007500158721e+00
4.418559141843617866e+00
3.232709989518248062e+00
4.968532308018301258e+00
3.684698445490987240e+00
3.275707040742603660e+00
3.257933433788820388e+00
2.971721992722426986e+00
2.915523084366780537e+00
2.846791490998369589e+00
3.224981363804111822e+00
2.881537859038785676e+00
2.822680136242403215e+00
2.581675002546369058e+00
2.955187358527265662e+00
3.798133778594930732e+00
2.968875437195163336e+00
3.442416292890883689e+00
4.020205310386260500e+00
3.629944804440178086e+00
4.704895218116579514e+00
3.487050013157199757e+00
3.375673780318805495e+00
3.674384909810052502e+00
4.045506095853522943e+00
3.999817659079683008e+00
3.715064961124503018e+00
4.166028122396712163e+00
2.922736870070935744e+00
3.454524722744883647e+00
2.893878942882768257e+00
4.851061299727102316e+00
3.179179846118979302e+00
4.571400494305450479e+00
2.547128667376710620e+00
3.447024330953176285e+00
3.947471134799325210e+00
2.464723982421233917e+00
3.439996957645464981e+00
4.411324332517264857e+00
3.557671024879908828e+00
3.227034057542627732e+00
3.330982068978128652e+00
2.747978083018814743e+00
2.907440454229359261e+00
5.517492775563481722e+00
3.274521293603045446e+00
4.014616232888520209e+00
3.437397022116104317e+00
3.434808410470906015e+00
3.899344853601721450e+00
3.742786064213703856e+00
3.380239548875958011e+00
4.261295464561598578e+00
4.845858495912885644e+00
2.624052503813246062e+00
2.481347093214659072e+00
3.998397407042424412e+00
2.681374401595566059e+00
4.429058352685018463e+00
2.750409173237652105e+00
3.251306111457189729e+00
4.459444822920469953e+00
3.461074505934991663e+00
3.511653992103536126e+00
3.030977824144356347e+00
4.005637256297646331e+00
4.055904673294317142e+00
2.787373144421410487e+00
3.957840715327038517e+00
2.933586806192272078e+00
2.588524616168815129e+00
3.757097187542383754e+00
3.039811823368979482e+00
3.783755486256860312e+00
2.894338108855932568e+00
4.150555479077662646e+00
4.098550789847078768e+00
2.981641300899576130e+00
2.408379474164549894e+00
3.168199488710625289e+00
4.120310230058350953e+00
3.948959002502535398e+00
2.999708526838150036e+00
2.501867786141891870e+00
4.274157969529479573e+00
4.475198209348604905e+00
