0.000000000000000000e+00
1.949017671471938273e+00
1.991998835921039657e+00
1.909112101065224110e+00
1.929191121908284900e+00
1.988961563745641481e+00
1.941656455501252543e+00
2.047798931277588608e+00
2.029732070352651352e+00
2.028515162848123943e+00
1.890532651945519893e+00
2.044189692296805028e+00
1.986866308699338557e+00
2.015222292625301392e+00
1.982892776384102218e+00
2.018697596384112281e+00
1.970758951287292282e+00
2.054059320256941046e+00
2.062825149857720142e+00
1.883533468617975881e+00
1.960660148339273157e+00
1.921648235958872242e+00
2.025756958407693986e+00
2.027601473163952228e+00
1.913780594437709315e+00
1.928223301624150343e+00
1.931215841896547936e+00
1.998394680562155079e+00
1.951183167173886845e+00
1.995727786410336879e+00
1.987590425630897384e+00
1.993961192302291074e+00
2.032207160439618576e+00
1.937258454855568690e+00
2.066048677605535122e+00
2.065469887826327344e+00
2.007153889836888805e+00
1.986996603265972272e+00
1.969609757128367278e+00
1.873427967302630615e+00
2.009736600334765200e+00
2.038205216068982750e+00
1.974623548554579777e+00
2.015896588683912860e+00
1.942696377356874171e+00
1.954186109980027286e+00
1.889011888383824722e+00
1.967231255710185645e+00
1.974079838194807257e+00
2.021351518686488546e+00
1.965888968991784891e+00
1.914298196591542434e+00
1.936539420132592726e+00
2.091677966167704295e+00
1.891728671182888011e+00
1.970967119032414949e+00
1.987426162044676259e+00
1.957219982872149266e+00
2.006378033108552117e+00
2.037135711417370043e+00
1.903633945596213017e+00
1.881716084345783413e+00
1.991212579851502351e+00
2.000196448035374885e+00
2.018888837947071746e+00
1.892222860059786793e+00
1.979023045216920851e+00
2.117273921318013397e+00
2.066950928642688812e+00
1.911301682879718911e+00
1.885921140306721977e+00
1.954500528674212090e+00
2.025526912094151033e+00
1.925510057242172834e+00
1.938143588046092658e+00
1.904891342073795180e+00
1.960895849423122339e+00
1.971648779350276603e+00
2.030966750630441187e+00
1.988339209440028954e+00
2.027082856824826251e+00
1.977679113149492851e+00
2.011157317335019012e+00
2.019623422104583010e+00
1.994926384239892769e+00
1.902112257653505667e+00
1.923675682154516453e+00
1.945599091958282623e+00
2.026477238753747301e+00
1.973330933767198037e+00
1.933211602602446622e+00
1.971800680129183192e+00
1.970624903368319858e+00
1.930510852632289387e+00
1.901614186083575131e+00
1.930194746234719760e+00
1.989668911190887401e+00
1.984226132054921043e+00
1.845903179187827314e+00
1.996954289305279406e+00
2.073185683188656814e+00
