0.000000000000000000e+00
2.700806630930908891e+00
2.828569201506970554e+00
2.749605651560243835e+00
2.742111770750082833e+00
2.941648794597000460e+00
2.691535386228481208e+00
3.632111901186171998e+00
3.162329533777830992e+00
3.187973735777591244e+00
2.944522869986569535e+00
3.019657289772303077e+00
3.036297523311348279e+00
2.249479591623347208e+00
2.489729506217829957e+00
3.105105357560810742e+00
2.376325863445195363e+00
2.570712085103000977e+00
2.868517280358624078e+00
3.091849786763772645e+00
3.006767440891802146e+00
2.928276462103656552e+00
3.731484639910815027e+00
3.600940769529174634e+00
2.735133238719317461e+00
3.281688748501268016e+00
2.435198707571769372e+00
3.231418382982987225e+00
3.345570115340582795e+00
3.145810232734290501e+00
3.053385391212349642e+00
3.026934860874876954e+00
3.080324739933060219e+00
2.952494382365324466e+00
3.416759861108909391e+00
3.457932351017640737e+00
2.844614901941780793e+00
2.442589866395513454e+00
2.447965524647022217e+00
2.656871533799647356e+00
3.328625194050652603e+00
3.343118731618623052e+00
2.496873930829825117e+00
3.861271150419383957e+00
2.498618177382140981e+00
2.943690130992594689e+00
2.871399943732359628e+00
2.456035941790280397e+00
3.310668036373560774e+00
3.535232683136611875e+00
3.020317054407907431e+00
2.176660275399611599e+00
3.194418652703923112e+00
3.681788195151606935e+00
2.768378631245049792e+00
2.698597412748171998e+00
2.631797332038254833e+00
3.221519767918659127e+00
2.983447841416145607e+00
3.081262731958335443e+00
3.204640867761920919e+00
2.496794111491364987e+00
2.325490141997650362e+00
2.570227550259004179e+00
3.753327649949902867e+00
2.346943524668593462e+00
2.658893365439078948e+00
3.528688875459606411e+00
3.796999684556142007e+00
2.610307617825692095e+00
3.178137728560567421e+00
2.537454194116694151e+00
3.827444251340156089e+00
2.591733210774229690e+00
3.145015671558782255e+00
2.814453778551565311e+00
2.770769050150774238e+00
2.868128231538427553e+00
3.863741032813360121e+00
3.105036917158491505e+00
3.285574900853267089e+00
2.618630350873826007e+00
3.684009401393471439e+00
2.932737447200269187e+00
2.371917193314046379e+00
2.680279530409541699e+00
3.162506040915406658e+00
3.620047549977488011e+00
2.912348247514105370e+00
3.197873984184016471e+00
3.383389557704618245e+00
3.198109413179338389e+00
2.292931605758253166e+00
3.242982067376493305e+00
2.987195270082832810e+00
2.828506488933864027e+00
3.261047848779036418e+00
2.640774678258617225e+00
2.742052419813069353e+00
2.828166059379289443e+00
3.349184302380309397e+00
