0.000000000000000000e+00
3.160991027195736880e+00
3.051158063115606112e+00
2.462445488549112493e+00
3.174699873792754090e+00
3.488502227367301867e+00
3.212603540987919004e+00
2.717589710714830797e+00
3.304204863363976674e+00
3.055533656802250420e+00
3.363949701512459090e+00
3.355092534845302232e+00
2.827573155609383271e+00
3.650646929775653415e+00
3.118569971148486442e+00
3.037431055355480414e+00
3.375169322600651611e+00
2.980161017090352082e+00
2.873288600594134490e+00
3.069316734885832787e+00
2.360076290481712746e+00
3.541738449958979906e+00
3.293182011949248089e+00
3.593744500135790609e+00
3.237227265301425128e+00
2.650520577885556950e+00
2.719290009088597859e+00
3.442424360388178783e+00
3.328194361005340607e+00
3.225609231448364866e+00
3.346291494941540989e+00
2.819185105432197691e+00
2.619013708215239156e+00
3.477994810848782592e+00
3.664152513640849929e+00
3.447826144733225462e+00
2.930459257442825205e+00
2.399521372842492895e+00
3.561301323251369055e+00
2.906185443306552152e+00
2.921226411133607481e+00
3.607186617714561727e+00
3.157207747768111084e+00
3.064429991586483659e+00
3.067324707458080724e+00
3.330434489217764416e+00
3.348104167843551693e+00
3.526707215266486006e+00
2.652904676804096695e+00
3.511910942640878996e+00
2.870327318788822080e+00
2.795112249846887664e+00
3.101126410565149705e+00
3.363512639288839701e+00
3.074011754228638704e+00
3.893188357311449632e+00
3.515520470029074307e+00
2.657860002756806672e+00
3.935019045967617757e+00
2.522553130406305133e+00
2.699637220740772392e+00
3.030532006146503754e+00
3.223311675711026059e+00
2.806202371866703071e+00
3.481769078002698858e+00
3.136118960966777447e+00
3.552665732923601993e+00
3.731946120876608486e+00
3.485854293563980910e+00
3.760869957543842901e+00
3.027185091763306080e+00
3.185169797113498014e+00
3.107391882945833128e+00
2.623516320588290096e+00
3.120227892101817169e+00
2.807264831218140078e+00
2.749307805302803498e+00
3.045850009837995920e+00
3.667061403673875564e+00
2.744486015313679417e+00
2.483786812286560064e+00
3.821861468347955704e+00
3.127338184538445365e+00
2.713394253120058330e+00
2.791718639218174758e+00
3.827922078893679192e+00
2.573935147115907540e+00
3.538117864732384987e+00
3.277877050162472550e+00
2.731697212995362722e+00
3.381282937999862792e+00
2.493316404194894531e+00
3.418528945816985409e+00
3.048501498904968798e+00
3.176822764337412064e+00
2.391888087765581705e+00
3.860793719933944157e+00
2.984547707647103199e+00
2.540920440860456431e+00
2.729775515241366968e+00
3.575917939607184515e+00
