0.000000000000000000e+00
3.276885524814532769e+00
3.828791849392423341e+00
2.876239974585671710e+00
3.198135725678932673e+00
2.966464918710390641e+00
2.981661696179329635e+00
3.558694803980830823e+00
3.964324838834527132e+00
3.875074986268966626e+00
2.731981471331226263e+00
3.300997549304032219e+00
3.329024522773864181e+00
3.881952290795950056e+00
3.259868378024931346e+00
3.675077304644828402e+00
3.229257100048013029e+00
3.274618600056392825e+00
3.755602084809966712e+00
2.308292124544359059e+00
3.480877057341251302e+00
3.483050955730909060e+00
3.323793836708765159e+00
3.741264485374487414e+00
2.732579510136906809e+00
2.871018984724379219e+00
2.992975507311175676e+00
4.053674073389290200e+00
3.567008286656466520e+00
3.842172721662631574e+00
3.651848814144096345e+00
3.145707000268443743e+00
4.334931063819527530e+00
2.939353552358462185e+00
3.606758240909428537e+00
4.015377073777975703e+00
4.029988047941313489e+00
3.642215150819716030e+00
2.929900621904604208e+00
2.467566530502903976e+00
3.202241538333647775e+00
3.333595552658299876e+00
3.208650376085832256e+00
4.480816772973949647e+00
3.361309992415160597e+00
2.795847063400620947e+00
2.521598743830457234e+00
3.100613218783555336e+00
4.356248292385204834e+00
4.069004157474931382e+00
3.918229747860666023e+00
3.580753440675942478e+00
3.351439211638640447e+00
3.377935223484535676e+00
2.661761989211067547e+00
4.264245204409462531e+00
2.882889232891493236e+00
2.896302396277803837e+00
4.339281579499151498e+00
4.138154622980875885e+00
2.595839548773521521e+00
3.490007283878967748e+00
3.929524369887804180e+00
4.313587126083000101e+00
4.202387155288972664e+00
2.835851519358978834e+00
4.264467499627647484e+00
4.255943039205400957e+00
3.626167250595438762e+00
2.485827564609256690e+00
2.793555100381746925e+00
3.546752289477224540e+00
3.856009342812751761e+00
2.286696142965708667e+00
2.941696664558248742e+00
2.826627012161191832e+00
3.353360476018968583e+00
2.579084003248781176e+00
3.553739187242299202e+00
3.400799233898030405e+00
4.278762173860997997e+00
3.637016424699786032e+00
3.250180346177047763e+00
3.361960591444156599e+00
3.662196428145959359e+00
2.744866699425070777e+00
3.150931044843876982e+00
2.869683077039436814e+00
4.276086656731650670e+00
3.239498888054471504e+00
3.614663497447745844e+00
2.516026765159987910e+00
4.379503887485883595e+00
3.133967939191997676e+00
2.850964762072409453e+00
3.415705535310340490e+00
4.061104505834902234e+00
3.595064081696308644e+00
2.821103698292176443e+00
4.379883514198904315e+00
3.033525523331316975e+00
