0.000000000000000000e+00
2.136615980380362156e+00
2.442311430863341126e+00
2.205922868301787076e+00
1.960907374713712903e+00
2.804679320725524505e+00
2.183924902327369466e+00
2.935796189520734956e+00
2.650300826769114160e+00
1.964598341386879055e+00
2.377590196573545978e+00
2.258763345428747904e+00
2.845953940627998335e+00
2.545712157064104808e+00
2.636976971627151389e+00
2.875742017503300385e+00
2.169783093808452357e+00
3.160714570683230917e+00
2.669253164099124387e+00
2.103593357877211023e+00
2.399707510940858768e+00
2.214281364686343068e+00
3.050935253353500354e+00
2.659374183815164550e+00
1.881772674419344149e+00
2.045942132701445537e+00
2.678977739396942503e+00
2.156530194193194028e+00
2.585319923090231509e+00
2.007073401164621629e+00
2.196655595501763258e+00
2.590246532244153244e+00
2.614969958505550363e+00
2.466242945043732870e+00
2.055180496077472885e+00
2.683104212040228642e+00
2.421591482592428513e+00
3.091299633696176663e+00
2.389439881299374679e+00
2.797260477201726214e+00
2.688569244098701905e+00
2.215393842528435187e+00
2.666680826014895089e+00
2.119637551135149067e+00
2.170376702895167931e+00
2.475231945433450154e+00
2.134718406112302347e+00
1.883667604708169518e+00
2.447149147073572450e+00
3.039648396228867178e+00
2.552906928330591629e+00
2.559483684375845947e+00
3.003710073729261687e+00
2.981651242285370706e+00
2.790045666727475115e+00
2.198951301468544894e+00
2.853879431089902052e+00
2.511205591021698158e+00
2.579001796128681523e+00
2.207811981674525192e+00
2.613438954307631068e+00
2.048979301780145867e+00
2.597227837049218113e+00
2.297853077312331127e+00
2.676552056666909429e+00
2.083051850418759621e+00
2.745773484939965758e+00
2.919988111182603152e+00
3.384200615535754686e+00
2.414379137221497107e+00
2.373074995058573222e+00
2.782589531711070485e+00
2.504556367545814677e+00
2.600217750724956201e+00
2.178492276198099820e+00
2.610121417785079334e+00
2.267557569467316902e+00
1.985257837868079855e+00
2.750420016981540705e+00
2.559311506742230069e+00
2.564651413781489531e+00
2.484440123748319351e+00
2.105539117093787382e+00
2.183608163745518471e+00
2.233319078866937257e+00
2.472154001275365776e+00
2.283993467516832965e+00
2.944436286579730222e+00
2.187526661632412051e+00
2.520482496116606796e+00
2.011051992811444311e+00
2.182041425024748627e+00
1.924255629360792863e+00
2.564683034618663537e+00
2.204387977807076737e+00
2.535561249862239297e+00
2.119892673137313110e+00
3.098535748816760638e+00
2.159622337562648653e+00
2.091571839354055662e+00
3.194145229503596806e+00
