0.000000000000000000e+00
1.944228760420564361e+00
1.996841647438753586e+00
1.911547513725437852e+00
1.921625537155327912e+00
1.996299490073089711e+00
1.948753017536258625e+00
2.048831762940324097e+00
2.008840943754254926e+00
2.027570897747904777e+00
1.900526557151124063e+00
2.019815082264251771e+00
1.983458380574540714e+00
1.997641874852158272e+00
1.976572626027941926e+00
2.044319373782760518e+00
1.957479128974600524e+00
2.057180350442175953e+00
2.038305753342732007e+00
1.890934395266377077e+00
1.975271677527857372e+00
1.924525806174991249e+00
2.035149581267193586e+00
1.994661968367362981e+00
1.915200684638495021e+00
1.933658048155524556e+00
1.954419929375064147e+00
2.006985065230542098e+00
1.946386774542205655e+00
2.022641508648340025e+00
1.976800997690229433e+00
1.961261541899909977e+00
2.057747346950005607e+00
1.912854578790748716e+00
2.055651594442007291e+00
2.047531820646657064e+00
2.015174774907297017e+00
1.976335384388191674e+00
1.955305159848804930e+00
1.882407782673560126e+00
2.015678426151834124e+00
1.995521900532116089e+00
1.968904002347016569e+00
2.034666376154861567e+00
1.907741105637608570e+00
1.954678400832508434e+00
1.872768352661171365e+00
1.952268191126125263e+00
1.972873997493848952e+00
2.017783932767827526e+00
1.999475509945501273e+00
1.880951254707925901e+00
1.939267824038328980e+00
2.098386382738602673e+00
1.895992759542757478e+00
1.995354333646123912e+00
1.978416159449346790e+00
1.954204105500305433e+00
2.031967917320829375e+00
2.019160964060906505e+00
1.896504201454405125e+00
1.883510845808541223e+00
2.008698997842256251e+00
1.992740487823185358e+00
2.057400561686927976e+00
1.916782395583665366e+00
1.989520902354420029e+00
2.130634671352697573e+00
2.061658978445459756e+00
1.903719457373347357e+00
1.894898274217420298e+00
1.968738650258036849e+00
2.003697036895930150e+00
1.895808238956059988e+00
1.924382198390683030e+00
1.917764556213092719e+00
1.955901084114609390e+00
1.946925139683234329e+00
2.050545329733552524e+00
1.949514941263305268e+00
2.025419296058125429e+00
1.977689255793075418e+00
2.025932014008703153e+00
2.046542115353096936e+00
2.012293942364333343e+00
1.903575735713406658e+00
1.939011821934262914e+00
1.963829449531043103e+00
2.040970432098463849e+00
1.973104827513894932e+00
1.909142677954639877e+00
1.953859143731053738e+00
1.986574356796060536e+00
1.905010463988698444e+00
1.918468325255645368e+00
1.955197413907165283e+00
2.010292310420426443e+00
1.989467644978153871e+00
1.875228996164899575e+00
2.012635624419699898e+00
2.054284336775422215e+00
