0.000000000000000000e+00
1.918619379724915364e+00
1.963014418120787807e+00
1.896583255761471465e+00
1.916470177917427797e+00
1.970125993171093493e+00
1.919133036653129176e+00
2.006466549645876007e+00
1.993440306026449171e+00
2.025303483095107993e+00
1.857960648034145956e+00
2.009203912803060987e+00
1.960846536729831335e+00
1.978955775896338976e+00
1.966819452581218153e+00
2.013017286879324796e+00
1.961236986573585916e+00
2.019707938488667143e+00
2.034801464910501068e+00
1.839210909980519171e+00
1.951070518746729654e+00
1.891834251791070010e+00
2.004597009546850828e+00
1.996738553480009726e+00
1.884840161599506070e+00
1.901190076547041530e+00
1.923776032201079733e+00
1.970854605880760113e+00
1.913464916981475472e+00
1.977346507841073686e+00
1.942432718719361739e+00
1.976534313301210100e+00
2.045521216564848199e+00
1.911529150441954705e+00
2.037332371115282648e+00
2.033016119809560429e+00
1.979810009236626422e+00
1.958477394573665098e+00
1.931244899388672831e+00
1.854115037173207803e+00
1.992667359458264453e+00
1.986631634874348906e+00
1.930694441483123525e+00
1.999044354104662746e+00
1.899933401543749456e+00
1.926883888277854950e+00
1.867136277640041975e+00
1.935638683242005165e+00
1.932671165505893462e+00
1.983705171385798938e+00
1.956162197252211632e+00
1.872777861522345155e+00
1.918239921034734508e+00
2.085014222862977551e+00
1.894052314806918824e+00
1.956697056481800034e+00
1.962162892558512617e+00
1.942474931805902472e+00
1.995512292603010662e+00
2.010077741107527238e+00
1.872212069414692204e+00
1.848672634731078457e+00
1.962456600132734597e+00
1.964923183026381803e+00
2.020932629213937126e+00
1.873624639697847760e+00
1.947423939054809150e+00
2.103687123205550957e+00
2.059193268832489210e+00
1.871980465114507330e+00
1.866668219593890843e+00
1.933221003663440740e+00
2.002834065637569161e+00
1.901031080943166751e+00
1.920075095962241019e+00
1.876190835263625400e+00
1.923373058379765022e+00
1.934167562378114491e+00
2.018367982083308476e+00
1.967355631179929176e+00
1.995412394219141738e+00
1.938729196367070085e+00
1.988878681511096591e+00
2.015482619235518413e+00
1.982129697533598467e+00
1.866812898001003918e+00
1.910722922137554791e+00
1.949159237876239459e+00
2.028240966079035257e+00
1.938179370353718678e+00
1.891408998526668439e+00
1.949480633606544666e+00
1.958353626911864431e+00
1.882209991900417156e+00
1.913766969573251098e+00
1.912145493553011999e+00
1.985785768181763888e+00
1.988586345921662391e+00
1.845437032569808844e+00
1.978949813051980477e+00
2.041108220231405923e+00
