0.000000000000000000e+00
1.921126077546002842e+00
1.974705676307384028e+00
1.896152371051016194e+00
1.906715805714914280e+00
1.968955185956071219e+00
1.919566623285696716e+00
2.010825950313072319e+00
1.994481444979044005e+00
2.017796957533072089e+00
1.865406702249569282e+00
2.000530635252358191e+00
1.965997839731796981e+00
1.983072417400088661e+00
1.942732922165966380e+00
2.011616425652114515e+00
1.962871389787097298e+00
2.015479163428373965e+00
2.034577465411511188e+00
1.847367318007914871e+00
1.943881655714441381e+00
1.894787409942739531e+00
2.010288266896676834e+00
1.994240043441419585e+00
1.880106736061210482e+00
1.919970827161845639e+00
1.939041962050832124e+00
1.973120052510018763e+00
1.921478069698033142e+00
1.974255749192287190e+00
1.939280463706992030e+00
1.977507541964175219e+00
2.031336953865422235e+00
1.905490805259014264e+00
2.029799002059671231e+00
2.053935437142830001e+00
1.980991686608079894e+00
1.933937417484606236e+00
1.949273587276205477e+00
1.857699667546401034e+00
1.977384637640704712e+00
2.009194949312874012e+00
1.953422821455570668e+00
1.998316983027440319e+00
1.898256895309220482e+00
1.915387741022963386e+00
1.874801424801598948e+00
1.919300644961592806e+00
1.933270929707389341e+00
1.993924505410925807e+00
1.960021144298925710e+00
1.872575000394506528e+00
1.916571425366476733e+00
2.088586868114644890e+00
1.888707022091142163e+00
1.955814071339050164e+00
1.953223422315710778e+00
1.947039863055590736e+00
2.009917290836687798e+00
2.030462480446533213e+00
1.874463342241769137e+00
1.865769527594014043e+00
1.962644980560735553e+00
1.956913512893250440e+00
2.017461710566829325e+00
1.900052112376528157e+00
1.942114377967659067e+00
2.089953166145644747e+00
2.047718569288642154e+00
1.885282932793441057e+00
1.868664068619052987e+00
1.939184958563877625e+00
1.985902517563913339e+00
1.897382010905203531e+00
1.912769899320176270e+00
1.875040936818940240e+00
1.918091920857517785e+00
1.926661625824330093e+00
2.012270257292116948e+00
1.964178422886083908e+00
2.003402746933095280e+00
1.936089819191423089e+00
1.985464858412395062e+00
2.016882146035779311e+00
1.977846684571301639e+00
1.875064087339646690e+00
1.926345182410678536e+00
1.941758876406923573e+00
2.025793150255461583e+00
1.945876465333777006e+00
1.898162121912923661e+00
1.950048625102620115e+00
1.957531993287198402e+00
1.886162245206812749e+00
1.897878006192748268e+00
1.903682162272890555e+00
1.988591506664514563e+00
1.974252472761393706e+00
1.845511153572977570e+00
1.966401888389281316e+00
2.056130076257046468e+00
