0.000000000000000000e+00
2.322738868299484949e+00
2.467213786779354212e+00
2.352663462191359578e+00
2.399033058189608880e+00
2.356411747127149958e+00
2.715470918378160015e+00
2.565699627643211578e+00
2.866201542452334827e+00
2.705824658309895270e+00
2.424992899005261382e+00
2.696253704386090355e+00
2.514042886097264340e+00
2.501174021214715548e+00
2.636981076851373729e+00
2.538289266228761054e+00
2.748768607533089270e+00
2.534128746752201788e+00
2.584829072170354181e+00
2.242930180487548775e+00
2.494863900025560799e+00
2.635290284431515584e+00
2.806988493433549614e+00
2.671131879808629872e+00
2.621915697710012871e+00
2.674550065092089035e+00
2.604399529029765681e+00
2.760491003279498479e+00
2.477925099470078329e+00
2.720016202947958206e+00
2.623080628025283190e+00
2.483902935657308575e+00
2.622110911157816471e+00
2.355211085283561712e+00
2.806297104835554279e+00
2.920850063339666125e+00
2.633249217784604301e+00
2.836108533838136214e+00
2.699882981070226950e+00
2.635583554424036912e+00
2.844241476017904446e+00
2.785565745719552844e+00
2.347971211872348807e+00
2.545992183033123357e+00
2.485623123620818387e+00
2.497955889317775124e+00
2.317109739031969262e+00
2.604516005241658050e+00
2.524293289804499185e+00
2.554644366848595638e+00
2.672967902279600683e+00
2.270076350353162464e+00
2.403719883507421162e+00
2.903434436499288118e+00
2.437801079088341982e+00
2.611420264838681060e+00
2.377140560542137404e+00
2.740498174199786252e+00
2.565722905848021984e+00
2.856861226697986478e+00
2.452824889633272498e+00
2.300826090611733044e+00
2.614554384321816638e+00
2.418256003606477300e+00
2.376703451154008384e+00
2.156812923698012252e+00
2.736028381297545664e+00
2.742306771955400180e+00
2.896118402757645427e+00
2.457235281847792496e+00
2.498371811236440809e+00
2.285891630782951545e+00
2.430631670741524530e+00
2.446971091205198956e+00
2.382845398275457605e+00
2.449674083510348765e+00
2.411262876740565275e+00
2.566262157959548151e+00
2.747105614487709957e+00
2.554421022132299157e+00
2.521947055356933198e+00
2.673145362749342890e+00
2.670201494665066289e+00
2.889830023665944214e+00
2.685041526899340170e+00
2.733810212869531409e+00
2.684845819730537819e+00
2.460150912456843475e+00
2.367548938897378719e+00
2.469198471896445479e+00
2.555090122894888793e+00
2.334716876084243609e+00
2.776852692599331540e+00
2.346010519791515758e+00
2.732311099845631475e+00
2.371134060332094506e+00
2.690862347618168116e+00
2.643515128862251817e+00
2.214347147776797975e+00
2.828854865819631303e+00
2.681538352462981667e+00
