0.000000000000000000e+00
2.327382885608674457e+00
2.424787949960617084e+00
2.296025431144011808e+00
2.341122470271562062e+00
2.425603514407668637e+00
2.332520858204555125e+00
2.547207436244477208e+00
2.569155207372312510e+00
2.498680284119864758e+00
2.257348525345079349e+00
2.618658944871727456e+00
2.535066304441269125e+00
2.516705596053891547e+00
2.515153014314278401e+00
2.464468450382882203e+00
2.461642944679003353e+00
2.334674002982878083e+00
2.477524957533121963e+00
2.281476455664610548e+00
2.398396232681388796e+00
2.316164296372868137e+00
2.308421385969126938e+00
2.452298396654937651e+00
2.391894798377640630e+00
2.368451805262271392e+00
2.424748652028566820e+00
2.517403654190078832e+00
2.337733519439810337e+00
2.450694940655117726e+00
2.376515200066561029e+00
2.281909087260177937e+00
2.487957609707101447e+00
2.305463268458228132e+00
2.621136406865426149e+00
2.459488857162733133e+00
2.375058252756165889e+00
2.426093846846110402e+00
2.421666506240270689e+00
2.292469219056597396e+00
2.394392041968509854e+00
2.429541306535687895e+00
2.427735426673399477e+00
2.393851568954273645e+00
2.324317659712514139e+00
2.465291607347394720e+00
2.363310394662531344e+00
2.330702588280081144e+00
2.444849245226369927e+00
2.431024716115643081e+00
2.510358557857214734e+00
2.306549500420017829e+00
2.349168300009301991e+00
2.480335833962007630e+00
2.157688459013169968e+00
2.438995246146476337e+00
2.211020239915367558e+00
2.370158694827555479e+00
2.498613653027795589e+00
2.552805730026185049e+00
2.258651763210462793e+00
2.102589561546833963e+00
2.415266482063721298e+00
2.530609905435346807e+00
2.507247423262821240e+00
2.386195140508509116e+00
2.363285554345599060e+00
2.658952786664492862e+00
2.531546304123410529e+00
2.357298655964255918e+00
2.326931012435549118e+00
2.434919887488145473e+00
2.615668106011951100e+00
2.363016598383889999e+00
2.388495736876175890e+00
2.312646441596851954e+00
2.272406771970467254e+00
2.341057305456993642e+00
2.356609284574706198e+00
2.286752590512522332e+00
2.363479081385646108e+00
2.205235448791816655e+00
2.421685330931036439e+00
2.452785815522264823e+00
2.251551427924067372e+00
2.199333235813336174e+00
2.375554803296778594e+00
2.498678519200228099e+00
2.532978639416271438e+00
2.459247944490383642e+00
2.171560861284544508e+00
2.232970495622630391e+00
2.493356974025509931e+00
2.297484658361153453e+00
2.484183878166835058e+00
2.479391725329378016e+00
2.458030461468930117e+00
2.490918304181478860e+00
2.321164498886282068e+00
2.533595669176906373e+00
2.469727001359589558e+00
