0.000000000000000000e+00
1.955622890702502836e+00
2.000391754680488798e+00
1.924370897267591918e+00
1.940532572687069690e+00
1.973731751598535755e+00
1.950219842730408493e+00
2.028264430411142794e+00
2.031585429339123117e+00
2.038255874500954246e+00
1.906248540473618691e+00
2.053409545328580776e+00
1.977075009439268616e+00
1.986738529013858168e+00
1.990132721905792046e+00
2.056784777544995446e+00
1.963304966505309279e+00
2.040859899814099432e+00
2.063697080726002664e+00
1.877583291149245381e+00
1.980067258205134406e+00
1.911600578094200920e+00
2.044358286722332441e+00
2.031871209021832936e+00
1.903340327052776226e+00
1.918630275577273503e+00
1.957489469413333127e+00
2.020105248961098887e+00
1.935078559288461397e+00
2.003506160467191766e+00
1.978928373622114600e+00
1.984029398536847122e+00
2.076829415825486524e+00
1.921323836999120127e+00
2.046574136886243345e+00
2.070162672264135306e+00
2.010436891801087977e+00
1.991001067815560965e+00
1.984231426668258802e+00
1.870844899468619982e+00
1.995834711338960066e+00
2.017186929535356832e+00
1.962788800717790050e+00
2.021814147975187659e+00
1.940020204479761645e+00
1.965169993526149073e+00
1.907262193104016568e+00
1.952648249815554626e+00
1.960378622423752937e+00
2.016125461522915607e+00
1.980348492097656843e+00
1.887470075336403763e+00
1.924474866630950576e+00
2.084639588588372838e+00
1.901321581187169540e+00
2.000115515542800537e+00
1.966363015115788704e+00
1.968126988982459968e+00
2.034994103602814075e+00
2.046534369503429929e+00
1.913169544023934021e+00
1.890642234117726250e+00
1.989739830369305018e+00
2.000227507278667272e+00
2.066259697270237616e+00
1.890603449579757456e+00
1.983286806586663786e+00
2.124401453393766737e+00
2.081812503940782211e+00
1.910427604411996105e+00
1.895774908367093614e+00
1.962505238900136728e+00
2.007669021631180772e+00
1.932758119348649828e+00
1.935065130852458015e+00
1.913962732318412518e+00
1.944687354111162669e+00
1.967763248085938832e+00
2.053083731556604619e+00
1.964556043264096941e+00
2.012762524611800163e+00
1.958750998762151418e+00
2.023886859301979424e+00
2.054481492894207673e+00
2.009521808368987195e+00
1.905352413748059304e+00
1.947354941793622451e+00
1.941927401003711084e+00
2.039391548743414884e+00
1.954458858248671271e+00
1.940676465922773986e+00
1.959640484530560833e+00
1.953640844490774464e+00
1.922080322183807866e+00
1.953439002800276159e+00
1.943069266279125351e+00
1.990305651048526858e+00
1.990640849568878545e+00
1.867916956357997593e+00
2.014266131753081890e+00
2.070486349265553194e+00
