0.000000000000000000e+00
1.923343713323426796e+00
1.964582683589948253e+00
1.905884030313473643e+00
1.906122845740324534e+00
1.968817076226728302e+00
1.919149502540854924e+00
1.998408954563322348e+00
1.980442325702157058e+00
2.026284700773899328e+00
1.876610581464137617e+00
2.002706028178153463e+00
1.965767357167996110e+00
1.966611921164622689e+00
1.954184633063666743e+00
2.022221572648201349e+00
1.946745349976163109e+00
2.015751509329716473e+00
2.029910926224674839e+00
1.846999303201670051e+00
1.959811920191371959e+00
1.899035833693039743e+00
2.001785249892856999e+00
2.000048394214950509e+00
1.879504014106610610e+00
1.895422932033905328e+00
1.944459921981216644e+00
1.974997710410455909e+00
1.921435720997374696e+00
1.988707557387859204e+00
1.937471059436140175e+00
1.956406247425079625e+00
2.024032185394635253e+00
1.911766777526420436e+00
2.039594813539296059e+00
2.061039277284300475e+00
1.984560211150640407e+00
1.943907015949998485e+00
1.937913865687143078e+00
1.855124339088005669e+00
1.985527165360550406e+00
2.007767494237460149e+00
1.946238157720034945e+00
2.002521188767466320e+00
1.910985824581350689e+00
1.940924450781573940e+00
1.873790448558219524e+00
1.928345444287709931e+00
1.937936207018554402e+00
1.979452161560953938e+00
1.959726543327190873e+00
1.883842546331455869e+00
1.926821604954235934e+00
2.087614942605349633e+00
1.886069686464135087e+00
1.964447343202360141e+00
1.960282154954362088e+00
1.939903964586830787e+00
1.998889682364578091e+00
2.007203336658209381e+00
1.865929255418793176e+00
1.851725535182827898e+00
1.978053570379397108e+00
1.956747365454768017e+00
2.038440550750662883e+00
1.906521894210464252e+00
1.953831248652632802e+00
2.073435941839076424e+00
2.053996778775327936e+00
1.865989327582626256e+00
1.864253617618049530e+00
1.933605139216674873e+00
1.986535690843765023e+00
1.884647361705990898e+00
1.909874034122378550e+00
1.870963273649003611e+00
1.925010067901254507e+00
1.929318565248069328e+00
2.019011443159776320e+00
1.943819521813777929e+00
1.988595498200380840e+00
1.946526955629209965e+00
1.992003690350492962e+00
2.029588103216842576e+00
1.960698719015061764e+00
1.903917068660579748e+00
1.901706693721865626e+00
1.943688996116686107e+00
2.036885977460806352e+00
1.946543194592201154e+00
1.900394923274987269e+00
1.945402436801710211e+00
1.955775292763363815e+00
1.890738165337518151e+00
1.920111856313028609e+00
1.913577565821800608e+00
1.981863487945787927e+00
1.974350499219543087e+00
1.848741027378490331e+00
1.965492562288194023e+00
2.048291361845762104e+00
