0.000000000000000000e+00
1.410924653188889932e+00
1.650760509619253025e+00
1.460056088105863736e+00
1.394826817679748032e+00
1.650589878884652251e+00
1.405063444849170340e+00
2.258156866865762336e+00
2.057859759915622977e+00
2.081671791074541922e+00
1.686413955099517192e+00
1.887272471612418512e+00
2.136349865323285080e+00
1.270787774932091496e+00
1.296794954161592406e+00
2.257161831185563017e+00
1.326537694760677288e+00
1.549858874876115511e+00
1.729588551040686539e+00
1.727230483244285297e+00
1.464835672340101258e+00
1.587173017175299128e+00
2.744413083240529794e+00
2.372713160253617559e+00
1.481352593817691021e+00
1.703081237044983709e+00
1.269863217033494251e+00
2.190265268986959946e+00
1.850871744176998179e+00
1.886319782326286054e+00
2.101162798409306642e+00
2.015530163675236519e+00
1.739409928135657646e+00
1.510078751980457712e+00
2.074660544166428533e+00
1.998694524272246698e+00
1.409784276142210580e+00
1.347743200791532647e+00
1.269403638431226611e+00
1.510054156931535996e+00
2.135507996364153005e+00
2.032399595849934126e+00
1.552060993286246804e+00
2.516076974421333379e+00
1.365981252099475851e+00
1.595497386552887198e+00
1.611299049535151129e+00
1.313961090637869367e+00
1.708388967041144513e+00
1.792711925091786451e+00
1.871514495334470451e+00
1.244742755478088325e+00
1.722872092824565105e+00
2.183436451249057608e+00
1.605635043406013596e+00
1.610962237419547805e+00
1.646880129186262032e+00
2.081584246190439025e+00
1.932029070145342198e+00
2.008344878243886189e+00
1.860158297101457636e+00
1.313394699670762389e+00
1.343053547435826500e+00
1.405252147669211249e+00
2.663485528114956757e+00
1.298785693094859806e+00
1.382869635758861682e+00
1.968923229646237338e+00
2.719818104960200156e+00
1.432324418495492635e+00
1.844021990942910971e+00
1.313560771553312634e+00
2.809905116390809532e+00
1.446374707722135833e+00
1.853698057667302557e+00
1.696928882275666517e+00
1.423233942596292545e+00
1.827965155274687392e+00
2.932982073401240619e+00
2.155138541062348256e+00
1.821316357758173465e+00
1.346943310737201527e+00
2.246646393928396712e+00
1.691105988308670094e+00
1.394054520990094304e+00
1.613720605052726853e+00
1.611065313125891185e+00
2.370888842937787011e+00
1.704985809118575890e+00
1.622616087171570909e+00
1.913775576283629487e+00
2.174968391067121143e+00
1.211982850654145905e+00
1.979510497455539753e+00
1.556031686632198596e+00
1.432229527956544457e+00
2.396065410629140136e+00
1.392446568918943361e+00
1.574687856047890744e+00
1.622535946735525814e+00
2.117937727164350026e+00
