0.000000000000000000e+00
1.435033767127942284e-01
1.502156421253394714e-01
1.442039412888793393e-01
1.427321541416556594e-01
1.944431343368779042e-01
1.414451998731840188e-01
2.071057991816565580e-01
1.579798532380706222e-01
1.462166880260884483e-01
1.397331426839174828e-01
1.618295989075802799e-01
1.794345449733972808e-01
1.641126127325536477e-01
1.521302380533375853e-01
1.932931497399208165e-01
1.464152376307752690e-01
2.281559173024710063e-01
1.724297045303879172e-01
1.388846874343404592e-01
1.502796305644381603e-01
1.468678117269515970e-01
2.282123771696302761e-01
1.671167947954476929e-01
1.393440261692427684e-01
1.385511932486585829e-01
1.744771218954494496e-01
1.516910172263965517e-01
1.693327137408170147e-01
1.430531085055875840e-01
1.557544259403822462e-01
1.700172064650302128e-01
1.569064542050508382e-01
1.577103881958294707e-01
1.492720431196377373e-01
1.776189169934192236e-01
1.572241403309259655e-01
1.995817339790816325e-01
1.557752353838063875e-01
1.714430596654989980e-01
1.577974634318621006e-01
1.520566462761456239e-01
1.592411607212683156e-01
1.482266273387604638e-01
1.377243759197866180e-01
1.432493268648827867e-01
1.505664111976600106e-01
1.355357191430395514e-01
1.457500210333775303e-01
1.955685517363075498e-01
1.769611814959534679e-01
1.567556416416958920e-01
1.694393771195933651e-01
1.927995238964850255e-01
1.970428208407762061e-01
1.457082139629135020e-01
2.001275233288848376e-01
1.713155423482858319e-01
1.680785795604012589e-01
1.498511356657869220e-01
1.507790139586461242e-01
1.401672339633399378e-01
1.789269173148545777e-01
1.529534213726392866e-01
1.680498092062027160e-01
1.371355374972405561e-01
1.734982247555496571e-01
1.826115735872021473e-01
2.247458178527784178e-01
1.390184308944096558e-01
1.436765638374614129e-01
1.811253523528218723e-01
1.575390228910696633e-01
1.709493727676502928e-01
1.448557390169516734e-01
1.632117858513437159e-01
1.430633651117798888e-01
1.427629916764906748e-01
2.041658306118376565e-01
1.633742698456488451e-01
1.688110574400892294e-01
1.471798641856509604e-01
1.557745180541215413e-01
1.489022103613344139e-01
1.563567487407157286e-01
1.691289554055733779e-01
1.499652708752269303e-01
1.833818778596234544e-01
1.506003563899028508e-01
1.522576835690115094e-01
1.439146694667224335e-01
1.443837834367448780e-01
1.415411846724682066e-01
1.473347327540584228e-01
1.436544430557692709e-01
1.561021740136861458e-01
1.421756782896023696e-01
1.962663140827930197e-01
1.358932634929937988e-01
1.507438018750553166e-01
2.304290151545233811e-01
