0.000000000000000000e+00
1.319166418222707637e+00
1.312900154223508586e+00
1.314489030822012072e+00
1.299684774760470063e+00
1.327920201259516819e+00
1.339439890967530244e+00
1.315033590272436603e+00
1.340239775677390055e+00
1.337439471800550228e+00
1.311709964982565424e+00
1.364185927795602327e+00
1.340350798509629238e+00
1.343107800394048201e+00
1.309366548250356477e+00
1.335091329928981274e+00
1.335278806494944570e+00
1.361505424750852011e+00
1.341173814641567708e+00
1.314155831559497445e+00
1.327361264247518546e+00
1.343990679119941634e+00
1.325837589502343983e+00
1.311530990528190443e+00
1.337130141367158798e+00
1.344830726991315117e+00
1.308428998224201889e+00
1.320430910683915160e+00
1.343249742450779660e+00
1.306015316868725851e+00
1.345533696814647628e+00
1.368875032890359389e+00
1.301883342265755417e+00
1.312753670849517551e+00
1.340264801105862658e+00
1.359151181405700237e+00
1.352732665044159344e+00
1.331332733615220087e+00
1.321413281415516838e+00
1.328589234735561897e+00
1.307798466942304616e+00
1.332061522455249447e+00
1.356950376068540187e+00
1.290528968178566105e+00
1.380056539897866141e+00
1.351866907359787762e+00
1.330475005734683247e+00
1.352196197009609913e+00
1.363203363399315249e+00
1.333083842701418220e+00
1.310720920813511770e+00
1.309428262583035796e+00
1.359265452678775743e+00
1.361960258133100288e+00
1.321457973137281972e+00
1.317581404819726520e+00
1.324071253586686980e+00
1.314105926679628000e+00
1.294959319863695058e+00
1.354797636389073467e+00
1.347571088519438742e+00
1.315567326966011086e+00
1.340727762881302354e+00
1.354465989547658733e+00
1.324400048831422927e+00
1.335611264622561745e+00
1.366632728473274438e+00
1.317145807271585811e+00
1.324947015417130114e+00
1.362384768311643457e+00
1.306227785605064806e+00
1.362705248347858555e+00
1.362945075784840032e+00
1.361809486843384098e+00
1.364377095863662293e+00
1.362798201077853211e+00
1.354511156290819196e+00
1.350384043222118580e+00
1.360775523159805767e+00
1.297150938676647325e+00
1.350237833231375140e+00
1.332206733606095650e+00
1.350026822800174608e+00
1.318688574248539469e+00
1.347349246764623976e+00
1.359074774065798019e+00
1.331261153238140871e+00
1.288105150322832682e+00
1.294325555073254863e+00
1.364403924731805606e+00
1.316150013651877337e+00
1.329062902264816826e+00
1.334622638186608645e+00
1.359364866087570123e+00
1.314657866376339967e+00
1.330848119479072666e+00
1.331847506925774693e+00
1.333995108441713429e+00
1.313141802662492363e+00
1.293677955938788537e+00
1.334127320737802602e+00
