0.000000000000000000e+00
1.212257503364325251e+00
1.190315099796148912e+00
1.215564184562361039e+00
1.199207156981038525e+00
1.206972240540518104e+00
1.215710331263897492e+00
1.183774799019672530e+00
1.195676888772288837e+00
1.209474357656761256e+00
1.221378973101492571e+00
1.230488225391708212e+00
1.185094454722775303e+00
1.206630270534349458e+00
1.208970877190052917e+00
1.213356521244687292e+00
1.193603234074834152e+00
1.213786568789139375e+00
1.192798920487336378e+00
1.228875280169166251e+00
1.230305684622840623e+00
1.226723883208997057e+00
1.189509194539534631e+00
1.186617313185860834e+00
1.214436834527557574e+00
1.200270807274759433e+00
1.208813965468684026e+00
1.211136258671131394e+00
1.225599678713149787e+00
1.199118800015597897e+00
1.191827283048934261e+00
1.208170910993839442e+00
1.183266791160692000e+00
1.222136135333107942e+00
1.207990093066743098e+00
1.212717674068769735e+00
1.232766820156265375e+00
1.186468959884794616e+00
1.216075540566688984e+00
1.209402898045688346e+00
1.196159629660076940e+00
1.189806976130855176e+00
1.194932549409156497e+00
1.191963199909767956e+00
1.234978777316473764e+00
1.238164085326905361e+00
1.222961341854056361e+00
1.222181202610190587e+00
1.214519792987253544e+00
1.215529425900666594e+00
1.190063417704338766e+00
1.218331578081421229e+00
1.221660017060909098e+00
1.215284348786512814e+00
1.213189134650459300e+00
1.180033254025823153e+00
1.201143832297922209e+00
1.190332323693249705e+00
1.171631509778994440e+00
1.209154297217136076e+00
1.205341855513716753e+00
1.215514542420951027e+00
1.209460904726947783e+00
1.226562775698701868e+00
1.229161318404336400e+00
1.258159905913357024e+00
1.226958163684885417e+00
1.201402939490311628e+00
1.202561500831035746e+00
1.221096049828350516e+00
1.221497343407360603e+00
1.236807797575659951e+00
1.213424779995236014e+00
1.230628647344631732e+00
1.235985052235679671e+00
1.211541930410028112e+00
1.225804087119632291e+00
1.211818416081109628e+00
1.214963606523106865e+00
1.167909039773926239e+00
1.233321750354409385e+00
1.204108856456796994e+00
1.210016042286100824e+00
1.196155606505269864e+00
1.190622291756716855e+00
1.241763343574934453e+00
1.200904445639080720e+00
1.187190476057754518e+00
1.193548507890802357e+00
1.216893503596563342e+00
1.192875560072378383e+00
1.186732593678731407e+00
1.240192378913685722e+00
1.203699190504703642e+00
1.222336102520217960e+00
1.232094095316120796e+00
1.192776631077735683e+00
1.206599029546565172e+00
1.218258081503348356e+00
1.172620908904756343e+00
1.230673993269983724e+00
