0.000000000000000000e+00
1.208562945742380101e+00
1.189533388121180923e+00
1.215776727931743073e+00
1.203542991283003794e+00
1.204768398126338180e+00
1.217649359783331775e+00
1.185476195948047318e+00
1.205661573412927234e+00
1.211294315355514017e+00
1.213228724564906047e+00
1.212936312087000923e+00
1.182467086222683594e+00
1.202978091797566096e+00
1.214139112575147728e+00
1.213741660390250221e+00
1.198815788965618800e+00
1.213681716263588894e+00
1.193691722967102686e+00
1.211304555723409448e+00
1.207705896359047903e+00
1.220378988993644942e+00
1.203094737537415027e+00
1.188469263220259808e+00
1.211733426432902272e+00
1.214409978861992645e+00
1.206387694937757216e+00
1.200742005084388220e+00
1.224796703801032116e+00
1.198749667359766402e+00
1.186496473815458641e+00
1.208823122269035988e+00
1.197923693968092840e+00
1.209067521945817569e+00
1.199874973700285841e+00
1.196938810286539479e+00
1.228185321148993481e+00
1.208219525564605323e+00
1.220904983710930924e+00
1.210411711890684971e+00
1.187594001654445286e+00
1.183688661486063332e+00
1.201622979108360800e+00
1.189832705606620689e+00
1.231478090042886553e+00
1.220152835608787179e+00
1.215321883991606899e+00
1.215992267007307781e+00
1.204251504636754566e+00
1.227862617377204479e+00
1.183791489743328595e+00
1.204442203652781096e+00
1.205747211462535162e+00
1.209731239465079211e+00
1.212890783624879010e+00
1.175045800067839874e+00
1.197052878038248114e+00
1.188683053466919937e+00
1.172007075641322560e+00
1.205407704304855665e+00
1.211026385966362362e+00
1.206869139546279612e+00
1.214168893753553746e+00
1.231052775140555999e+00
1.204609254640488958e+00
1.219493378579659559e+00
1.221670409883569342e+00
1.218788161422779126e+00
1.210368543178058864e+00
1.233961993086943876e+00
1.205220592484611775e+00
1.228293778466201802e+00
1.218682231379934366e+00
1.240546706897927010e+00
1.227233079150417794e+00
1.211287289245757570e+00
1.218500246556358579e+00
1.215759489024807127e+00
1.224262325775505644e+00
1.192457576342446757e+00
1.217389777714026788e+00
1.206357844871392082e+00
1.201030622593893815e+00
1.186901793636401914e+00
1.195737757970745996e+00
1.208150464665124213e+00
1.214558536413073764e+00
1.191902580791056820e+00
1.190863697740637939e+00
1.227094869181875048e+00
1.192196499180232960e+00
1.192656156682516233e+00
1.233885283317223802e+00
1.216426445772544218e+00
1.220803537802158223e+00
1.221866199439632705e+00
1.206700870145025695e+00
1.223344161546298103e+00
1.210649704574939367e+00
1.187082995772376304e+00
1.202876342908720586e+00
