0.000000000000000000e+00
1.340630022243665564e+00
1.336759382607986435e+00
1.323459945241254543e+00
1.292095846253992653e+00
1.328490765411452390e+00
1.337774472372910584e+00
1.341927319881002445e+00
1.343107680589100017e+00
1.321506580286352373e+00
1.352851413183920437e+00
1.360991846246053516e+00
1.318115692596823596e+00
1.343431488819484043e+00
1.291579379649403281e+00
1.335446057243479645e+00
1.324132740531103636e+00
1.353448870388719749e+00
1.339383563005508870e+00
1.369279449400119031e+00
1.345419655918580704e+00
1.357166206516734475e+00
1.322684614406524739e+00
1.295887129843549479e+00
1.355671375194428263e+00
1.312865089435602650e+00
1.315193904562380389e+00
1.321673553578439186e+00
1.344172628296263827e+00
1.359635759423833967e+00
1.310026605698409119e+00
1.327233254170794963e+00
1.306889511582749241e+00
1.328756896625936657e+00
1.339266918756219837e+00
1.343313433293781944e+00
1.353420801701892939e+00
1.333654322465713804e+00
1.327233132599646703e+00
1.324438536256386856e+00
1.342784992896373986e+00
1.314895936571251589e+00
1.338052754112944775e+00
1.311857272658044637e+00
1.348327355631468993e+00
1.343774985256035004e+00
1.326210700185393554e+00
1.317834732048232427e+00
1.364979537958699751e+00
1.339398770886613521e+00
1.319827649299777361e+00
1.298324214959882816e+00
1.346011541350377705e+00
1.359383764905913061e+00
1.309762373385435774e+00
1.321860065150053387e+00
1.355719189285787607e+00
1.289261467178630438e+00
1.300073857498817764e+00
1.318697545744146105e+00
1.333651007609265360e+00
1.340664246417182737e+00
1.387754673565760877e+00
1.332225121288701075e+00
1.339576933613383369e+00
1.329104780239548367e+00
1.361689229247534438e+00
1.341137458354662026e+00
1.354251123314434091e+00
1.334031226419700955e+00
1.325693003145935522e+00
1.378502554684050585e+00
1.361213051306285227e+00
1.345444570028025089e+00
1.344936698890797144e+00
1.380225269882084493e+00
1.329069940671570027e+00
1.315407201489112055e+00
1.362947165859462517e+00
1.294451944054618275e+00
1.354662684264278605e+00
1.351735511395982803e+00
1.333613389362529489e+00
1.373542140807704426e+00
1.351691037279231011e+00
1.324555958323183402e+00
1.296108610548256657e+00
1.302616705589353607e+00
1.322800871375517495e+00
1.348591200985718386e+00
1.313447785171212523e+00
1.289522521227489671e+00
1.389828830251299996e+00
1.304008515616702724e+00
1.329539957403231831e+00
1.354306907692419015e+00
1.311293953709763427e+00
1.321683892453008102e+00
1.324829437991075665e+00
1.310761942837603611e+00
1.365016032072815966e+00
