0.000000000000000000e+00
1.807365564201064423e+00
1.817430595944814931e+00
1.834445540682741127e+00
1.841007426712394812e+00
1.869309581024660050e+00
1.847273219477787665e+00
1.911328608993021261e+00
2.000899320127674574e+00
1.878776153107639013e+00
1.834515002043166865e+00
2.077816590601721192e+00
2.022056211329748443e+00
1.962561072553788311e+00
1.933145429096131185e+00
1.836167536495518560e+00
1.896604794429539886e+00
1.719165661444344018e+00
1.874952636920334870e+00
1.884219295430321406e+00
1.852879004733920087e+00
1.864156733387015041e+00
1.689835959214999628e+00
1.815855137248707063e+00
1.990500719972493560e+00
1.947831889840103914e+00
1.883730342645711708e+00
1.966376825650405058e+00
1.825964983450795609e+00
1.859516807846896880e+00
1.826399126485056312e+00
1.728747827416916127e+00
1.785518915054198796e+00
1.901242492533975703e+00
2.008313494097857532e+00
1.755103081078736915e+00
1.848301919456369902e+00
1.842128440398614231e+00
1.908374445055295299e+00
1.856435588834858486e+00
1.761013621374936111e+00
1.787973118412285123e+00
1.958028600849343936e+00
1.733564767890270808e+00
1.878848809610039305e+00
2.014700646975656984e+00
2.027445782958043896e+00
1.789324375114022647e+00
1.912041129024605990e+00
1.809261619948698385e+00
2.041978057465450913e+00
1.806022213438894797e+00
1.808955145434890888e+00
1.797316722469295858e+00
1.649609175819942264e+00
1.830933322109512540e+00
1.633525297038781243e+00
1.815268883435356084e+00
1.864956089742293877e+00
1.952455042691580767e+00
1.824781847295967152e+00
1.646880163764084193e+00
1.888910018527232948e+00
1.983326946060006701e+00
1.883606054934175322e+00
2.012460976019463832e+00
1.786634502762751708e+00
1.933224002291636046e+00
1.879017867781886286e+00
2.004936230645463890e+00
1.867597652522270613e+00
1.949050388343771534e+00
2.088599096772127073e+00
1.904748047715517423e+00
1.927214262961552294e+00
1.920519700277115938e+00
1.773980679069459221e+00
1.807195429756134786e+00
1.772702729954405143e+00
1.712771211247352099e+00
1.796742606173600931e+00
1.599901212707163012e+00
1.780306063249660564e+00
1.829460250591591119e+00
1.662913415425131491e+00
1.741868834818697920e+00
1.852833165279538230e+00
2.004025386596738567e+00
1.931483001642512853e+00
2.053880871325510782e+00
1.677582857228452351e+00
1.622499506927253643e+00
1.929936218730068598e+00
1.782853157243184272e+00
2.004957111155997840e+00
2.008603631954417601e+00
1.854319564696417455e+00
1.958992485924296645e+00
1.903001940387081481e+00
1.945891821301410474e+00
1.876145778291619326e+00
