0.000000000000000000e+00
1.211224344566689481e+00
1.188879021599522856e+00
1.209558551319036335e+00
1.199266893960581726e+00
1.201324557854498210e+00
1.213165935391958827e+00
1.193969329980264060e+00
1.224161595956143378e+00
1.209367325307736385e+00
1.232133706898401515e+00
1.225075385291533259e+00
1.181562719019987329e+00
1.202719580595717819e+00
1.206019119564964104e+00
1.197023208167918851e+00
1.206324147749731956e+00
1.226920341692149918e+00
1.201961448915139563e+00
1.206072845416090722e+00
1.201299053912782799e+00
1.208151451927163667e+00
1.212865205857018847e+00
1.181595829875637049e+00
1.217868593866215265e+00
1.222181441513105371e+00
1.202142687782879138e+00
1.200170469664365580e+00
1.230151069727102531e+00
1.194862732141662942e+00
1.197283378841616397e+00
1.221521302153460997e+00
1.199551515940260327e+00
1.213719931596815904e+00
1.224042169991234275e+00
1.207485187451875941e+00
1.233182250607231190e+00
1.179275767296256383e+00
1.217195506567160246e+00
1.218813448667926291e+00
1.182611468412501532e+00
1.189761695500042515e+00
1.203227592420321734e+00
1.189139061216945681e+00
1.236529686121226934e+00
1.207286140614720393e+00
1.228598521539712385e+00
1.210358445694530660e+00
1.213184196699534034e+00
1.215977198784347069e+00
1.196002803837340478e+00
1.196281426596570885e+00
1.201726450110141453e+00
1.231950721962351558e+00
1.218680130056341904e+00
1.187544014503723711e+00
1.217736211126074553e+00
1.182470348344945688e+00
1.182871157321829125e+00
1.220245932444728343e+00
1.204508767657360258e+00
1.209155030710661327e+00
1.197403299686330636e+00
1.223685480282638238e+00
1.189836877038345841e+00
1.230976613982026402e+00
1.213033534798973134e+00
1.215173332111244564e+00
1.198733912949983438e+00
1.249750310092424987e+00
1.224809076635426930e+00
1.241223066964673327e+00
1.213688653024289188e+00
1.240986382845925107e+00
1.223790973652744807e+00
1.207963297835909167e+00
1.229200075216078769e+00
1.201765605063111142e+00
1.231753107237338218e+00
1.175293060977546489e+00
1.235244184510372101e+00
1.203376098045974230e+00
1.199459005043509885e+00
1.211880359906332139e+00
1.206425027795459126e+00
1.221696417391307188e+00
1.208057955920992743e+00
1.177225737125927596e+00
1.196372557502755063e+00
1.224547888945878071e+00
1.213826975494793903e+00
1.194427715822266034e+00
1.235597832744608437e+00
1.208104144759829301e+00
1.216458404971518137e+00
1.205140415271771959e+00
1.200185302931064957e+00
1.220622437964359319e+00
1.228486808743925129e+00
1.179179369422027390e+00
1.216898803659300476e+00
