0.000000000000000000e+00
1.327817653795184460e+00
1.312699237649700867e+00
1.323341742764336804e+00
1.325861042765829723e+00
1.323685528739446671e+00
1.323423195809783737e+00
1.320631221119001220e+00
1.349030571064697259e+00
1.313834774998368982e+00
1.328501793923121399e+00
1.370747237885122205e+00
1.318496581473171059e+00
1.328826192033426778e+00
1.325322203256860121e+00
1.345620741092290018e+00
1.327103223700808243e+00
1.363562063274359915e+00
1.327103527412583528e+00
1.359564104372768423e+00
1.327160083378551736e+00
1.325747960566435513e+00
1.358342949716819348e+00
1.327617094131187336e+00
1.337428561437349339e+00
1.334938071703741791e+00
1.319761388009146330e+00
1.356223648388340530e+00
1.347697428522433460e+00
1.321413770665860410e+00
1.336042500834583535e+00
1.313237887442889384e+00
1.324731279102595582e+00
1.334382415944474376e+00
1.313062598079162813e+00
1.354140994063979919e+00
1.326330544442112069e+00
1.318895200005539392e+00
1.357852877313162621e+00
1.346863363743891595e+00
1.307167342620531469e+00
1.301228114714705786e+00
1.328186954822061505e+00
1.322067816929779926e+00
1.379245949133450999e+00
1.327565119993170173e+00
1.342861210755696755e+00
1.339738787584515034e+00
1.331328893802066871e+00
1.332803077532304092e+00
1.311899293643198794e+00
1.321558286912611679e+00
1.314433296708855892e+00
1.353680257797849062e+00
1.299912331623638284e+00
1.355538612586365765e+00
1.348039899855199231e+00
1.336328479309225381e+00
1.313405640405264085e+00
1.332198921325286722e+00
1.306954833054957632e+00
1.295762798189112885e+00
1.349791164252596376e+00
1.327302452984593151e+00
1.331226484940208232e+00
1.342859847324884504e+00
1.342387508864551604e+00
1.337555486988429854e+00
1.359123365740451339e+00
1.335317496928835501e+00
1.356887927625858747e+00
1.350093591283824557e+00
1.350794000147766294e+00
1.367435667316549308e+00
1.361862881079431320e+00
1.343969533214703249e+00
1.333053715028830410e+00
1.346402749740866156e+00
1.369180118581188710e+00
1.324899311392099044e+00
1.329372248273478885e+00
1.326408265022403610e+00
1.327881831210371066e+00
1.371460751076310158e+00
1.306858947112303326e+00
1.353757222350418399e+00
1.314900968620009714e+00
1.288188987922438633e+00
1.340001365782722109e+00
1.360449793817805508e+00
1.306479732247671111e+00
1.319253636781300587e+00
1.338869225600175961e+00
1.339931685237659487e+00
1.342393501339092854e+00
1.351879154744339173e+00
1.306627290529572161e+00
1.317761059558949954e+00
1.304545004150083232e+00
1.348927804007759468e+00
1.361599738106583857e+00
