0.000000000000000000e+00
1.118244730333308318e-01
1.209457480326667778e-01
1.195472114418400927e-01
1.213750617606556004e-01
1.212903893714736975e-01
1.312303942010781543e-01
1.323895768861075573e-01
1.446168281360583618e-01
1.375123856603085171e-01
1.254880432432637083e-01
1.381061180384596798e-01
1.268410043026042267e-01
1.308112708615922215e-01
1.281934189076960329e-01
1.271939021754794896e-01
1.403558260870971797e-01
1.267248724130177195e-01
1.308353579505827091e-01
1.163074359408200198e-01
1.161172681656864741e-01
1.373226721563022001e-01
1.453278519067155994e-01
1.369653976256446637e-01
1.269407638872308008e-01
1.350398490695551568e-01
1.264488574828052103e-01
1.386425097271805351e-01
1.263702270201510214e-01
1.403543534430294337e-01
1.347075731726170567e-01
1.251812198983778268e-01
1.232472772509071307e-01
1.144926108055068364e-01
1.387439833854474946e-01
1.518240006039641987e-01
1.318877589075629075e-01
1.507113471075236799e-01
1.305234441693727543e-01
1.339786090891527670e-01
1.488313230420072186e-01
1.406824726760252109e-01
1.179945056585078450e-01
1.304007520634749839e-01
1.291837256555082580e-01
1.249073364038541661e-01
1.222443444342379143e-01
1.261119096744611479e-01
1.334565170390544786e-01
1.299927595874371677e-01
1.356887328301723816e-01
1.153701629131568818e-01
1.212972973453968206e-01
1.593700044835716090e-01
1.196239556926787656e-01
1.327563456213494142e-01
1.221345706019475591e-01
1.401545134190710917e-01
1.232226940816499861e-01
1.482708194759908837e-01
1.167337092815838445e-01
1.184403550487523465e-01
1.335486705216253345e-01
1.209150094559739569e-01
1.194230929571939159e-01
1.096807209462528632e-01
1.402101563068951229e-01
1.410238154132880395e-01
1.580959239856099263e-01
1.238513314024391326e-01
1.331969790709526813e-01
1.229600416378737321e-01
1.240177151691999879e-01
1.246104224612989558e-01
1.214444651170013267e-01
1.186915169644104373e-01
1.194463529579664063e-01
1.307919632385268205e-01
1.468834765354976035e-01
1.247219285644262932e-01
1.317444575769398940e-01
1.357506300940869159e-01
1.316098878615962475e-01
1.475943180094999585e-01
1.308467813812765057e-01
1.500836723220903557e-01
1.396045125510429752e-01
1.171130369879146566e-01
1.159646913355274617e-01
1.242605191007956217e-01
1.307353846227249650e-01
1.163572215367167650e-01
1.546177946872725750e-01
1.145574359520092622e-01
1.345987850976792799e-01
1.175857167187201735e-01
1.397667955302106801e-01
1.438131389064427890e-01
1.100010385375756738e-01
1.490361657983343413e-01
1.323043383458779032e-01
