0.000000000000000000e+00
2.037240741643642217e+00
2.237369739077017528e+00
1.542231445120616717e+00
1.979937662227389650e+00
2.619361511386173902e+00
2.238563481134052680e+00
1.613098633944550997e+00
2.487424790237036998e+00
2.101351733698066937e+00
2.674757244320468796e+00
2.610462211409864342e+00
2.138969185384792748e+00
3.176577009543878560e+00
1.858820610879572843e+00
2.282839365321962521e+00
2.632396360973332072e+00
2.122588422622384119e+00
2.052713120564486182e+00
2.042650191132740822e+00
1.407882266722862763e+00
2.594818909071907598e+00
2.768217449809909692e+00
2.789430198652850912e+00
2.258110489385810382e+00
1.517968866760958102e+00
1.535924871646913603e+00
2.753872194218383029e+00
2.207832787248934725e+00
2.451974033653136154e+00
2.827568224779871020e+00
2.159147590701769204e+00
1.610017865198119846e+00
2.474634175359494481e+00
2.580871923727202422e+00
2.346421921589490367e+00
1.787900097058960025e+00
1.714145820438378154e+00
2.340380818193047219e+00
1.896924099787658635e+00
2.095637546548370533e+00
2.742755177237193198e+00
2.549234308367702262e+00
1.924855549414860034e+00
2.067617917061099320e+00
2.185341436778647672e+00
2.600031162348590108e+00
2.353492949410173285e+00
1.633117349863801859e+00
2.427666333694115774e+00
2.293871957050080734e+00
1.797364073973521936e+00
2.013986977091286601e+00
2.226514052765107721e+00
1.940938874860677954e+00
3.181727352428775468e+00
3.099451464853714810e+00
1.931159003788604833e+00
3.072433685396245728e+00
1.785479326565117875e+00
1.597603235485683948e+00
2.096403579148738761e+00
2.553724635359109651e+00
1.620182715427048059e+00
2.676965385328470948e+00
2.116078984111642303e+00
2.495357566302364827e+00
2.483694911094078250e+00
2.530798385966843256e+00
2.999460872283353563e+00
1.904810648153338670e+00
2.141911230603928740e+00
2.242148787317790770e+00
1.636918982066192019e+00
2.025864803103921918e+00
1.989612910834052562e+00
1.745148297907711532e+00
2.607354604332848602e+00
2.934441338166054791e+00
2.118575956470338362e+00
1.465328010059072428e+00
2.528807123215155439e+00
2.178325962847456054e+00
1.819985212866063851e+00
2.032296226267392480e+00
3.124097418764402168e+00
1.475652975082589080e+00
2.924556471490745047e+00
2.366391770034256492e+00
1.705071915297393881e+00
2.351400738270549517e+00
1.703148118058151805e+00
2.170517693493877687e+00
1.868754637121734063e+00
2.086505305668706178e+00
1.480753860909834296e+00
3.147978162467280683e+00
1.975183450080115533e+00
1.583870143867184721e+00
1.982249641939473506e+00
2.578663889721495739e+00
