0.000000000000000000e+00
1.827467932137419593e-01
1.709431914886860859e-01
2.253963975050446433e-01
1.926773209457623148e-01
2.476411864653658146e-01
1.636320221488584137e-01
1.801922959375699684e-01
2.515757882809886992e-01
1.934088344495328293e-01
1.575453049848759557e-01
2.028473711640261523e-01
1.925238958134939116e-01
2.202900609757709460e-01
1.674669803463912920e-01
2.698190485083198920e-01
1.864975800509070802e-01
3.381358081066939691e-01
1.915447907460708643e-01
1.999568331359008744e-01
1.585428139111913215e-01
1.610466724809546391e-01
1.712288079843333199e-01
1.634665530425911395e-01
1.797761513234780451e-01
1.541289421320297393e-01
1.518894961862703452e-01
1.637774980918824674e-01
1.658346282516423298e-01
2.041697994093676638e-01
1.714099136808915069e-01
1.949370647251065236e-01
1.949657025718752323e-01
2.284636410191799027e-01
3.063162776020084688e-01
1.887692022416384285e-01
1.674038193638790473e-01
2.118510287681677762e-01
2.286153852614513371e-01
1.946228395906894337e-01
2.319266034383571373e-01
2.465772072910350221e-01
1.692923705256080547e-01
2.030501320370232399e-01
1.564592229405245560e-01
3.404744757766033914e-01
1.622642098690917078e-01
3.009258966319797723e-01
1.508549988421447885e-01
1.677105000470716090e-01
2.331694569415480034e-01
1.478841462943543128e-01
1.766042853986143635e-01
2.390823546368979757e-01
1.738899387875325053e-01
2.021125450891445852e-01
2.253022660762021845e-01
1.721802484846265413e-01
1.646292367231618758e-01
3.101829880511643989e-01
1.766324980846450399e-01
2.529249557458668751e-01
2.139520369902456198e-01
1.638217151930986548e-01
2.020685312253379662e-01
2.560530009418366393e-01
1.765695821919990860e-01
2.288156296987122196e-01
3.049549585758715153e-01
1.601054106270518029e-01
1.502676480474812171e-01
2.046203198003508361e-01
1.668778464111831672e-01
2.553380220147739577e-01
1.678969305816902513e-01
1.597968996965214716e-01
2.345666425692765622e-01
2.244114260520166382e-01
2.017277598479074174e-01
1.689190421206495929e-01
2.006278877129526461e-01
1.815730519895686623e-01
1.660600619601959038e-01
2.244236973864177920e-01
1.704388097856160134e-01
1.544261755545570658e-01
1.985549640142626748e-01
1.731076119442478967e-01
1.760328005828740161e-01
1.669028135713187810e-01
2.442221614466864310e-01
2.254910150742754082e-01
1.607838783227637236e-01
1.491555294330665637e-01
1.705489007659480583e-01
3.073873890115246255e-01
2.148817655457537501e-01
1.644274235975790865e-01
1.447670122392910597e-01
2.147871355138332439e-01
2.688840923920377546e-01
