0.000000000000000000e+00
1.343001263077001906e-01
1.782852506589938657e-01
1.283173142155381863e-01
1.501974960504186829e-01
1.509589969894394867e-01
1.303344546303764895e-01
1.670832585248296087e-01
2.008230825636442007e-01
1.842680007987173851e-01
1.189835515611234740e-01
1.721068801231167289e-01
1.595788212562524733e-01
2.196086934010869629e-01
1.334512429736353645e-01
1.727225439524347483e-01
1.511615503296584173e-01
1.571384224582211830e-01
1.965250658348516311e-01
1.166014824637966463e-01
1.421854682697370476e-01
2.120502609151662388e-01
1.765985366635974552e-01
1.589071493574084337e-01
1.212239143749360565e-01
1.216819272845906658e-01
1.276395401968404009e-01
1.989181496784347969e-01
1.618072242829248775e-01
1.950690048959430600e-01
1.956584496993068467e-01
1.675753700156319970e-01
1.850204391544808258e-01
1.330282695194425768e-01
1.657488697014444790e-01
1.831891631178438062e-01
1.703708595505217804e-01
1.863841385042742105e-01
1.403146108879937681e-01
1.171594100177873743e-01
1.472822140717968964e-01
1.564205767311644124e-01
1.515644028081779560e-01
2.519375459989533494e-01
1.445064410971825530e-01
1.190740338920218133e-01
1.127537588943208768e-01
1.809331246743454413e-01
2.228851772275215748e-01
1.826665054912555153e-01
2.479654854052038837e-01
1.634501068384369427e-01
1.660444691855890442e-01
1.521878041485605071e-01
1.167459054241177380e-01
2.382863138544536186e-01
1.462965406521467837e-01
1.460611535989665977e-01
1.991797793677235195e-01
1.898007100302375183e-01
1.176887118410811783e-01
1.869050277308718089e-01
2.304361486521921687e-01
2.153637394137936367e-01
1.825216354639251082e-01
1.262398947426006390e-01
1.856312310459742598e-01
1.985366102149545287e-01
1.659660781077372527e-01
1.210706341265853914e-01
1.627717036220480418e-01
1.584715335302021577e-01
2.149684335507193733e-01
1.148850036352305898e-01
1.267121677958304715e-01
1.310004872676890919e-01
1.858377511147833727e-01
1.263380371911795308e-01
1.750266573549567051e-01
1.630083774322521328e-01
1.934603258506205625e-01
1.633576150752378831e-01
1.611536187537656872e-01
1.531802991926408675e-01
1.610563428300361977e-01
1.445647694027242247e-01
1.402073332923894633e-01
1.318918109524934434e-01
1.866540937139889167e-01
1.373460615131037454e-01
1.810784706309656045e-01
1.233760325150127374e-01
2.832989407286474193e-01
1.263694567416498160e-01
1.262488679826302695e-01
1.975112378245281464e-01
2.317603484522756385e-01
1.560089793081003706e-01
1.367004288659520728e-01
2.115884327057954428e-01
1.437006709026897588e-01
