0.000000000000000000e+00
1.020752873252431941e-01
1.854153684753319722e-02
2.331473194934337995e-02
9.199444244716777075e-02
9.127411617827059509e-02
1.131889591900304692e-01
1.601468323730911858e-01
1.525759519951684975e-02
1.355704290655215527e-01
2.840083113769379872e-02
1.110414505250294087e-01
3.720106395354311202e-02
3.225094970083789564e-02
1.554963653041054397e-02
7.491846158502507569e-02
1.414738994979869435e-02
6.369525117085556021e-02
1.756313251332717873e-01
1.295146622443439990e-02
1.570307090192388233e-01
2.019058080997694279e-02
1.877869017320968337e-01
2.258943925718677470e-02
8.835993504598806114e-02
1.565225232663516319e-01
1.788523564733757176e-01
2.988312760713952160e-02
2.644388654463684929e-02
1.224760527824943213e-01
9.265878851541007807e-03
3.168789034260233173e-02
4.506232890591060219e-02
5.059528900230644138e-02
5.644127624222621681e-02
1.962678138109913706e-01
8.356968439255392511e-02
5.514348953032476019e-02
1.640586275389214477e-01
3.140116390780093442e-02
1.908223973557327327e-02
1.481662886666740009e-01
4.094781884970139646e-02
9.675196761004997356e-03
9.059959615111816758e-03
2.785958584295051069e-02
9.875354343004200119e-02
1.419855620717916725e-02
1.427921404965094496e-02
1.908525692461252032e-01
5.460630624539641181e-02
4.601968204776037130e-02
1.591731924873752979e-02
2.700103293441198926e-01
1.097335098541765558e-01
6.304987113336639297e-03
4.446843654895076686e-02
3.166150309413526265e-02
1.873657446990500131e-01
3.438899458001869885e-02
2.011174683929832507e-02
1.219586288246398906e-02
2.903730420849041580e-02
8.937785126221600707e-02
7.650258497199163843e-02
3.136471350219868781e-02
8.000303729761155946e-02
2.122784547049381965e-01
7.119282042498530083e-02
2.699212135669419588e-02
3.355697963905851511e-02
6.878322779647912111e-02
1.480560135281833861e-02
2.486601012866417396e-02
2.848293856955523909e-02
2.923907271385536855e-02
2.269673219519938515e-02
1.665662374459757344e-02
2.542756339671840837e-02
3.564785664172652468e-02
1.526517663859850993e-01
1.583740512788156876e-02
7.969285307937742924e-02
7.809262031030295148e-02
7.811987844655285396e-02
2.250933475842679596e-02
1.707078057162629559e-01
4.059554810319219303e-02
1.902252530531052255e-01
9.040615551420637386e-02
5.268674742197937411e-02
1.894458038959627791e-02
2.522771010564791097e-02
2.677441988739388823e-02
3.770004868921411623e-02
2.705917356469189280e-02
7.862186552235847503e-03
7.805997545429996243e-02
3.869104328642328922e-02
8.113055305092892189e-02
2.210503155173825507e-01
