0.000000000000000000e+00
5.374211430460565930e-01
4.873510364803053108e-01
5.371661419539720539e-01
5.398028778497295788e-01
4.984483659568944569e-01
5.248999132581477767e-01
4.888553809280711815e-01
4.691130857479704486e-01
4.735799246377598859e-01
5.434350498045050770e-01
4.704092941554753882e-01
4.914522240145156595e-01
4.848404816679254270e-01
5.103090513438613973e-01
4.764654449705528760e-01
4.810411592410678283e-01
4.860330527330729011e-01
4.754872793314515178e-01
5.400694560741984285e-01
5.227078125686708265e-01
5.435338395400528544e-01
4.855617919408968808e-01
4.711305441727668963e-01
5.389810962538028605e-01
5.378232823133588525e-01
5.230876387261653715e-01
4.787818993802735457e-01
5.270140328673323937e-01
4.924551294142735514e-01
4.891400601446413976e-01
4.877559841385409878e-01
4.647689285582817798e-01
5.477215726373382276e-01
4.817195509408868093e-01
4.801007964570514486e-01
5.118533073257385269e-01
4.850021157765662672e-01
5.272004610686253923e-01
5.437097198283747934e-01
4.921714363845577367e-01
4.929718134339872715e-01
4.959470703723490859e-01
4.833103686142770639e-01
5.365284419705774743e-01
5.295409717796162319e-01
5.478142494171663879e-01
5.324832691915177829e-01
5.256336012612287112e-01
5.151827221879419216e-01
4.959819257074171150e-01
5.333920065881191386e-01
5.257989854043596534e-01
4.759928733177069549e-01
5.487862050425773575e-01
4.930193847671830998e-01
4.950749414467606746e-01
4.893579805211218936e-01
4.904694037546982743e-01
4.655622496255767406e-01
5.424816443218037909e-01
5.492336457468175448e-01
4.866091639524914303e-01
5.130776339782714413e-01
4.631954691864108575e-01
5.477613930755480531e-01
5.226797783136739595e-01
4.613839870954956623e-01
4.624992769471094056e-01
5.415692895029730058e-01
5.412848214471811525e-01
5.091594624910431577e-01
4.862173196606051628e-01
5.275075919362026688e-01
5.427214736313664689e-01
5.381981835048097462e-01
5.361615936097707813e-01
4.966270204063119031e-01
4.751145359929126455e-01
4.941253684575960259e-01
5.187041163958723278e-01
5.296263699099632571e-01
4.755833257576507767e-01
4.811237617919734699e-01
4.856729385392004605e-01
5.442041075182892929e-01
5.299330284585359596e-01
4.914537874868806222e-01
4.811559339354716802e-01
5.364273268815855644e-01
5.392620219033815721e-01
4.994968287625176639e-01
5.267739351621196775e-01
5.353471948672363645e-01
5.142976849239293546e-01
5.294464306000968845e-01
4.808227598394886337e-01
5.190822518487691051e-01
5.464669047567930482e-01
4.864205001631258796e-01
4.770110751639200508e-01
