0.000000000000000000e+00
1.129672886384808402e-02
1.242765453401073472e-02
1.151909921235826605e-02
1.683402521393545818e-03
5.593725356185402266e-03
8.429156965325359727e-03
5.318632225821695765e-03
3.519495034983160121e-03
1.289193225870689623e-02
1.136258343844367101e-02
6.208360297160263851e-03
1.340115645619745915e-02
2.839230811464265019e-03
1.362454222882835591e-03
6.966638531524586321e-03
1.073800170010139401e-02
2.329478648678818403e-03
1.324813492599185606e-02
2.664183130599779778e-03
9.232044189423815189e-03
1.067676979236645458e-02
2.314810314290785716e-03
1.238945541428511897e-02
3.751973093629688664e-03
1.942180596567405016e-03
1.194170656125210193e-02
1.682537927400454833e-03
2.096563750057435938e-03
1.327636200339186480e-02
2.676264815446960203e-03
8.766228424203546463e-03
1.410245396850399405e-03
1.115729706969924122e-02
1.256038283712335168e-02
1.284585118539657324e-02
2.026536710148356141e-03
6.229958895322617977e-03
1.117390601447183773e-02
1.739467685582282751e-03
1.293091325285552866e-02
1.146575350077883894e-02
1.250882953811236625e-02
2.134767838876352585e-03
1.054465717225539639e-02
1.089211880919154635e-02
1.049953657878240423e-02
1.409755394513604026e-03
1.262657242440872948e-02
2.027451618605738241e-03
2.643776035246955553e-03
1.062089349478466394e-02
1.100026796943806562e-02
1.333676309070835203e-02
1.523957031238802606e-03
1.262270291779414924e-02
1.210699814339424515e-02
1.787094609479152616e-03
2.640649860077934775e-03
1.567743093056673176e-03
9.757366993778672157e-03
9.473802736811410413e-03
1.303534481673928984e-02
1.804858405086526719e-03
2.272703878981257187e-03
1.194070351450020979e-03
2.133478179042835963e-03
2.879145668548578531e-03
1.331691564201270724e-02
1.898986746080829789e-03
1.601164258326281779e-03
1.291047605341236540e-02
1.215846681724410197e-02
7.669397369960911405e-03
1.167990254577690526e-02
5.488973417147826120e-03
9.128000886330825403e-03
1.632116818877364867e-03
7.967429975282519505e-03
1.035984155322590590e-02
1.553461855956635119e-03
1.137757474116221808e-02
2.028768781538043287e-03
1.291121430034597797e-02
2.579600913153403622e-03
1.197606447811056310e-02
2.036235912574612620e-03
2.414343623002477950e-03
1.231701842385777602e-02
1.305203286387573471e-02
1.042741691887398917e-02
1.976651288492284157e-03
1.181116120154803578e-02
1.114992282386544423e-02
1.081369730242761132e-02
1.654021741941587471e-03
2.506733212527135785e-03
1.233307606824388114e-02
2.292817973197308710e-03
2.395573924056680799e-03
1.266541748086314270e-02
