0.000000000000000000e+00
3.075301004814935679e-03
4.021457735492342360e-03
3.915888740872662012e-03
1.262143857885608851e-02
1.228443500879056530e-02
6.825278081686327568e-03
1.225948020443841727e-02
1.324598484666764629e-02
4.098212307333098589e-03
3.060537250867242237e-03
1.109300138435908613e-02
3.629686971603275289e-03
1.433998985324671377e-02
1.371464545286445180e-02
1.113419793809291951e-02
5.285778810134617034e-03
1.517200642739751672e-02
3.763733533689821078e-03
1.212471599648113664e-02
6.787639335219622719e-03
3.230201091970129248e-03
1.511505068596635630e-02
4.448528523489445573e-03
1.172385192447311653e-02
1.230441919725745042e-02
2.960086339160497657e-03
1.523727384220038665e-02
1.315796056321827043e-02
3.569649650767212079e-03
1.381903288699678871e-02
7.578833364793304168e-03
1.559591800567464680e-02
3.442095471370835210e-03
4.562034388837414925e-03
4.622573705338807806e-03
1.415555845634335931e-02
1.001830878130664099e-02
3.244275828663407014e-03
1.229875632525001365e-02
3.824849973306967965e-03
4.706740868760128996e-03
4.001033134328044541e-03
1.505384643126181365e-02
3.622932249921793479e-03
4.070558242731866019e-03
3.218986877521218953e-03
1.323281591175349235e-02
3.021089092318348518e-03
1.353810042895716922e-02
1.453519572045985919e-02
3.482032367286421685e-03
5.208775259378641519e-03
4.341297346744953968e-03
1.252920304037481204e-02
3.543869429127575327e-03
4.350481300106093414e-03
1.469919187932997549e-02
1.432682112598883915e-02
1.508354263031571295e-02
3.850640332431834456e-03
4.071622805142847794e-03
4.069627994764016959e-03
1.335211790000171046e-02
1.692816087288682644e-02
1.452458198330344556e-02
1.347718873316620936e-02
1.538460229008595422e-02
3.968696197973455193e-03
1.232107783123879280e-02
1.300657974638153025e-02
3.034609428112313139e-03
4.182955009752466549e-03
6.688315357956671481e-03
3.135972796306318519e-03
8.815968251368237404e-03
6.762697612670473188e-03
1.426282044187885713e-02
1.046899195359330542e-02
5.261424744281961371e-03
1.406780957318961960e-02
3.425070462515662599e-03
1.552462636696465281e-02
4.978798172255769101e-03
1.442584685135005380e-02
4.059427753564222308e-03
1.216192707681517694e-02
1.480342158387193061e-02
4.406489369554038825e-03
2.786582308022927165e-03
3.278683256192225538e-03
1.476891688095293385e-02
3.253746597479549845e-03
3.768888400606682561e-03
3.866258681846056634e-03
1.291295432530076975e-02
1.411756866907286009e-02
3.075655007962647090e-03
1.245773244839623248e-02
1.415851954024790679e-02
4.323277518185189572e-03
