0.000000000000000000e+00
5.166058178865408010e-03
2.110793552196722073e-02
3.131240859025458817e-03
2.350812192338107547e-03
1.410891813644122098e-02
4.010441511550850296e-03
4.352081102884344799e-02
2.065839060596127985e-01
4.399481780174986645e-02
4.255883107613495087e-02
9.131483223960202081e-03
1.967860599462909477e-01
3.133271129358502181e-03
4.154988733751217855e-02
1.341139929153930821e-01
1.434147536452044513e-01
5.438213248326512900e-02
7.090760618428061136e-03
1.214212106706076370e-02
1.837976448547924344e-02
5.115711076038961802e-03
7.927976566348603205e-03
2.378318467805245473e-01
1.426413248966461843e-02
1.820458370083645125e-02
1.635273457016850340e-02
3.026932873333257334e-02
1.199887736882406658e-02
1.471615498501827740e-02
8.573750325377670067e-02
1.325418902665980066e-02
5.198140878647242169e-02
2.408684563956477176e-02
4.289524864485234901e-02
2.294207019816710616e-02
4.032068919552480452e-02
1.289075479451688841e-03
3.557278077692001251e-04
1.870328365509826493e-02
7.613637905231131209e-02
5.362542507400064329e-02
1.813875833773558321e-01
5.673031718704422272e-02
4.465163364140322527e-02
2.615225143703062832e-02
2.911014354101461310e-02
3.943819038273277226e-03
1.672502681394184842e-02
1.891715157864431313e-02
1.240685420222560099e-02
1.120669447001617670e-02
1.668777031575208875e-02
2.646529224659720583e-02
3.488471511139314835e-02
2.634175446811584144e-03
1.533348861056258589e-02
1.798443004732090122e-01
2.195866837121774814e-02
1.146931273202858731e-01
2.566294866804391325e-02
1.459472862966624662e-03
2.741366808653273972e-03
2.832185599463983919e-02
1.996838585294397617e-01
7.624766617727125884e-02
2.741943057920281229e-02
3.343877719942273813e-02
1.000492780816473748e-01
2.219835162773204501e-02
2.558960522763481515e-02
1.601564942478994336e-01
4.128933091562246582e-02
1.343661558698133231e-02
8.038314477778205069e-02
3.763642225916569075e-03
3.274310713294999176e-02
2.022092640622186188e-02
1.627862120401875612e-01
1.588332149787652636e-01
3.858525978946410889e-02
5.146404077430747487e-02
7.761314738658776913e-02
2.404876866227888266e-02
7.953272822040039283e-03
9.508054662171807128e-03
2.745231091758965764e-02
2.392232538056490374e-02
6.210932986081831031e-02
3.090561230791601804e-02
4.389345079448939840e-02
5.594127196498387827e-02
8.416658518425006305e-04
7.061543850825473256e-02
4.595298357421864072e-03
5.432613140342741100e-03
1.494083897054116795e-02
7.999476840112198714e-03
2.058523727879923992e-02
1.393930743054032084e-01
1.448083286271294526e-02
