0.000000000000000000e+00
1.359355273399731915e-03
1.359355273399731915e-03
1.359355273399731915e-03
1.359355273399731915e-03
1.359355273399731915e-03
1.359355273399731915e-03
1.359355273399731915e-03
1.359355273399731915e-03
1.359355273399731915e-03
1.359355273399731915e-03
1.359355273399731915e-03
1.359355273399731915e-03
1.359355273399731915e-03
1.359355273399731915e-03
1.359355273399731915e-03
1.359355273399731915e-03
1.359355273399731915e-03
1.359355273399731915e-03
1.359355273399731915e-03
1.359355273399731915e-03
1.359355273399731915e-03
1.359355273399731915e-03
1.359355273399731915e-03
1.359355273399731915e-03
1.359355273399731915e-03
1.359355273399731915e-03
1.359355273399731915e-03
1.359355273399731915e-03
1.359355273399731915e-03
1.359355273399731915e-03
1.359355273399731915e-03
1.359355273399731915e-03
1.359355273399731915e-03
1.359355273399731915e-03
1.359355273399731915e-03
1.359355273399731915e-03
1.359355273399731915e-03
1.359355273399731915e-03
1.359355273399731915e-03
1.359355273399731915e-03
1.359355273399731915e-03
1.359355273399731915e-03
1.359355273399731915e-03
1.359355273399731915e-03
1.359355273399731915e-03
1.359355273399731915e-03
1.359355273399731915e-03
1.359355273399731915e-03
1.359355273399731915e-03
1.359355273399731915e-03
1.359355273399731915e-03
1.359355273399731915e-03
1.359355273399731915e-03
1.359355273399731915e-03
1.359355273399731915e-03
1.359355273399731915e-03
1.359355273399731915e-03
1.359355273399731915e-03
1.359355273399731915e-03
1.359355273399731915e-03
1.359355273399731915e-03
1.359355273399731915e-03
1.359355273399731915e-03
1.359355273399731915e-03
1.359355273399731915e-03
1.359355273399731915e-03
1.359355273399731915e-03
1.359355273399731915e-03
1.359355273399731915e-03
1.359355273399731915e-03
1.359355273399731915e-03
1.359355273399731915e-03
1.359355273399731915e-03
1.359355273399731915e-03
1.359355273399731915e-03
1.359355273399731915e-03
1.359355273399731915e-03
1.359355273399731915e-03
1.359355273399731915e-03
1.359355273399731915e-03
1.359355273399731915e-03
1.359355273399731915e-03
1.359355273399731915e-03
1.359355273399731915e-03
1.359355273399731915e-03
1.359355273399731915e-03
1.359355273399731915e-03
1.359355273399731915e-03
1.359355273399731915e-03
1.359355273399731915e-03
1.359355273399731915e-03
1.359355273399731915e-03
1.359355273399731915e-03
1.359355273399731915e-03
1.359355273399731915e-03
1.359355273399731915e-03
1.359355273399731915e-03
1.359355273399731915e-03
1.359355273399731915e-03
1.359355273399731915e-03
