0.000000000000000000e+00
6.129438026646934212e-02
8.514140649373064251e-02
1.069277846995195513e-01
4.396291165173304982e-02
5.235125904421346343e-02
1.309789853666366855e-01
9.429439799808859990e-02
9.197104239155477756e-02
1.074173572764183932e-01
4.830632356857267329e-02
1.377781145539490326e-01
7.998756698835544909e-02
2.161233595012048703e-01
4.659795884313992775e-02
6.110795502056534656e-02
5.642281170554708930e-02
6.072416332185881505e-02
5.035090678447379925e-02
2.949903712731431760e-02
4.571659027463529507e-02
1.782715573132587494e-01
5.341747172568962060e-02
8.172157545610352070e-02
1.235501077629366784e-01
3.688604961884284217e-02
2.919411000703517334e-02
8.584643428970359369e-02
6.558845489775784465e-02
1.436337858413813950e-01
1.006569171955430525e-01
2.142105913785558036e-01
5.800601385031584761e-02
5.809391083285635887e-02
1.397201596304688542e-01
7.467968148440216891e-02
6.288226551603609549e-02
2.281958679372628196e-01
4.686035388695131837e-02
1.784093631759639531e-01
9.917852372648967851e-02
3.832302140718495814e-02
5.509802585539830960e-02
1.131236301227104973e-01
7.052709155695714716e-02
5.100150891543906578e-02
3.327660217044152435e-02
1.123025097816918449e-01
1.098881895654348489e-01
5.847319227745658571e-02
1.361315409605145521e-01
3.926214368623377055e-02
2.184203941184554298e-01
4.507402978025083773e-02
6.672155126686676874e-02
1.683866355639531964e-01
8.561480251212467973e-02
4.543763344951937816e-02
1.081096781602511880e-01
9.290656819723261406e-02
8.141137672419501703e-02
7.444966184905221773e-02
2.128627267887770180e-01
4.871218443632876344e-02
6.788331419057078153e-02
4.315291848145496462e-02
7.454661787940580764e-02
9.261217294825711821e-02
6.028138146680454834e-02
7.920355849851079544e-02
1.746037673736545448e-01
3.906394614805952514e-02
2.282283397651089507e-01
1.421993547011877745e-01
4.694983186776191530e-02
1.650767985395008020e-01
1.540984569712288421e-01
5.779308567790899381e-02
8.962993223417246857e-02
4.495808539813188343e-02
7.125043591070975846e-02
8.950146594841276726e-02
1.546753284722556798e-01
4.364743938167514603e-02
1.100722036540552756e-01
1.315262571518265033e-01
3.524268358109968607e-02
2.041256733899843023e-01
9.204748012158765758e-02
1.906780388119812611e-02
6.388590083577237733e-02
1.850548778871690947e-01
1.887144829164975612e-01
8.015476511892874467e-02
1.524803899122818274e-01
1.043887433669537235e-01
2.188913809645678110e-01
3.958801648181588251e-02
1.335728860343175228e-01
9.432526145489243674e-02
6.126008841879913153e-02
