0.000000000000000000e+00
1.242388790975381199e-02
2.131587585585998420e-03
1.729302094812129337e-03
1.242494216748241467e-02
2.876691117018707021e-03
2.095463699398890031e-03
1.406421981768204814e-02
1.423283898914842749e-02
2.468460881780976373e-03
1.310429391604884218e-02
1.447123606382109094e-02
2.438717361362837191e-03
8.355321828780853596e-03
1.316277685088909459e-02
2.485092185690469455e-03
2.691889848024697600e-03
1.461667165498105152e-02
7.474469363505519166e-03
1.257037658461848673e-02
7.620706270049129420e-03
1.754124302315105809e-03
7.925996263429191044e-03
1.395284153940386240e-02
1.237814798004528011e-02
2.113950397919589063e-03
2.271630992365021931e-03
1.412982039269042138e-02
1.302194229597539166e-02
1.339595747889396615e-02
1.348475662117537555e-02
2.482197634455353928e-03
1.243613039503258487e-02
1.316085204786998641e-02
1.454910428665176676e-02
2.298199733518091221e-03
9.776529045070160226e-03
1.292418635368996691e-02
6.462129462973587035e-03
1.943095659104748362e-03
1.386885220975570682e-02
1.936297192162393871e-03
2.433022786376329034e-03
1.395549226718133945e-02
1.029449016156767580e-02
2.578370072439494908e-03
1.986315911054474265e-03
1.248624094120360552e-02
1.865814024562227830e-03
1.624176502625133533e-03
2.718250466846008646e-03
1.241705537158422322e-02
2.080479471152658216e-03
2.677842434770324499e-03
2.281157318107861470e-03
5.426960352222015213e-03
1.413493822371117946e-02
2.525249756295279251e-03
2.657609464372249000e-03
2.269646530395713190e-03
2.010992741943295938e-03
1.915183656976232520e-03
2.289960552878339637e-03
1.201481525562382753e-02
2.619370766618682369e-03
2.544166521454973868e-03
6.104135214121579091e-03
1.478608215761869661e-02
1.408532404146186322e-02
1.352034522285011121e-02
1.305796076265332978e-02
2.005425087001882177e-03
1.415376554067302069e-02
1.635484491939960755e-03
1.862170136061691876e-03
1.972123547507619642e-03
1.282335721060317603e-02
1.366574792145375944e-02
1.429293118331113888e-02
1.401190596853508531e-02
1.379160242198535814e-02
1.201156173424578789e-02
2.310972331131516851e-03
1.273992066027980312e-02
2.782202873697519393e-03
2.132605279114363657e-03
2.645545293408236957e-03
2.232619008206247670e-03
1.377634321382330794e-02
1.693400002407135976e-03
1.271848306732075579e-02
2.474208420396272791e-03
2.043858521213692825e-03
1.240723013677156282e-02
6.795173963210179857e-03
5.627286342056919688e-03
2.384672352940216122e-03
1.812991660440203519e-03
7.448013265360308235e-03
1.323710621548635467e-02
2.074510331042495829e-03
