0.000000000000000000e+00
4.109381794842907609e-02
3.390611867723414968e-02
1.534462991845523400e-02
1.456391581874154351e-02
2.073269187684603776e-02
4.703975071866595137e-02
1.525652617242586814e-02
5.599597057815115103e-02
4.052862908817752435e-02
4.626883647866226329e-02
1.711097513891125105e-02
1.815300074715882339e-02
1.889754568449750205e-02
1.687474634479476168e-02
5.807973157837346967e-02
1.891735188159936881e-02
1.982936670487733116e-02
5.694119453504240674e-02
2.834865362193595209e-02
3.403573528224983907e-02
6.052880034376689061e-02
1.805947982016856482e-02
1.034238366661765531e-02
1.600744709317810169e-02
3.554913041301243498e-02
5.924688689288701987e-02
4.541700763650207556e-02
3.637587906981670782e-02
5.966212274345901456e-02
6.227446882497536529e-02
2.572401106621401840e-02
1.086903259354752432e-02
1.737256383674425780e-02
1.380624056035849659e-02
2.561170326371516037e-02
3.339476333629071841e-02
5.852660153940995869e-02
5.120854139573131208e-02
1.588900862018480589e-02
1.649670859888831970e-02
3.922066153003601896e-02
5.037064970922523061e-02
1.577763320317296034e-02
3.812661985682832405e-02
4.594168763436554809e-02
4.977145474315335105e-02
1.621583285576988498e-02
1.406691901647032922e-02
3.841146423808568244e-02
5.037438324093697350e-02
3.678341727657107041e-02
1.681834929695177894e-02
1.602957478766281821e-02
1.696717608153810314e-02
2.116903269858067330e-02
1.991056665904971518e-02
1.868175693689705028e-02
3.589399193509407171e-02
4.828425786436438272e-02
4.811781910447248539e-02
7.287034795879546167e-02
5.515268547382353587e-02
5.167245552473398451e-02
2.947438894279971397e-02
2.978401381381495794e-02
3.000498971602736167e-02
1.513091249034614547e-02
2.682667593496163017e-02
5.576349163325986652e-02
1.633571654404235643e-02
3.746732808250235330e-02
1.956847497293896440e-02
1.523997302763901822e-02
1.760308393373764477e-02
4.208719455961077577e-02
1.634212500995724585e-02
7.266703911024521845e-02
1.813116682723621767e-02
1.933081016212516434e-02
1.317523810686480577e-02
1.498336368068459677e-02
4.057782751588739217e-02
1.515914366732213844e-02
3.723332387125671133e-02
1.703605669509252948e-02
7.052174920695289395e-02
2.588659112068495555e-02
1.443928487575205435e-02
1.519154889946339008e-02
5.670406591647333960e-02
1.862603398292724671e-02
1.657180289097215722e-02
2.991006309898201765e-02
4.104921009385845837e-02
1.624534972982435987e-02
8.545862355339080285e-02
1.973845183692463437e-02
5.194175193506542221e-02
1.658748056625825376e-02
1.661198403914209559e-02
