0.000000000000000000e+00
5.896910973374377973e-02
4.078079843050978065e-02
3.560818752987680164e-02
6.424199123991237992e-02
2.263354499607899209e-02
2.649889904280178579e-02
4.148935098854203418e-02
5.293618416322352915e-02
8.761146863283407471e-02
2.736893242414815269e-02
8.133821373223504292e-02
2.347068463373400832e-02
6.280417400916969706e-02
8.671369434999458281e-02
4.005760091900066600e-02
3.020219665573172993e-02
2.427137579539785650e-02
4.500881630882810208e-02
3.075112600318907416e-02
6.385299565303100000e-02
4.491179037146249275e-02
4.514492061482487661e-02
4.814742930601381699e-02
4.343914955347695506e-02
6.314031547973146530e-02
5.989277242393266365e-02
3.000669550692044649e-02
4.780987631997192511e-02
3.199305117658501896e-02
8.309502999861363703e-02
2.355745542248287999e-02
4.329910086399248875e-02
2.980673700228508860e-02
1.754939064188195189e-02
1.881559586903166353e-02
2.777902252208547251e-02
3.813425635330280894e-02
6.660523431743015088e-02
4.475699922210051029e-02
2.836532626915950345e-02
3.687126914796377136e-02
3.267685813647683984e-02
1.938312196648192542e-02
4.928298831353580128e-02
6.116765333763740653e-02
4.721764075743361405e-02
5.864906800208871673e-02
5.909555674650338736e-02
5.646689282332575943e-02
4.132139652043512884e-02
3.562680802042870326e-02
5.962901769704057053e-02
3.114304494827143527e-02
3.889938950037690607e-02
2.765357673867712904e-02
2.184502625309992299e-02
1.897070854289872530e-02
1.871093180108340456e-02
6.530683087639206630e-02
2.997137969116156833e-02
4.251196839390861820e-02
6.827995432316234792e-02
1.100470884832020074e-01
1.445174462750535398e-02
6.617400030436992875e-02
4.054395157220372359e-02
2.871469012718638747e-02
1.852337056555872566e-02
2.743464725156437994e-02
1.633532025580666097e-02
4.974825490213621165e-02
2.826409551261866576e-02
1.038654182590591640e-01
5.670756131738564909e-02
4.226807591759871446e-02
3.162629234655484761e-02
7.663305417088117633e-02
1.870740168742289142e-02
4.045597639697645631e-02
3.910391142475617282e-02
1.768937862811601272e-02
3.336090762782457225e-02
4.316865859225739455e-02
2.266980927930437734e-02
2.774639913805673416e-02
6.387865161682343418e-02
2.359801530724239468e-02
1.168962737950899819e-02
4.027526556671804508e-02
1.838488611133643272e-02
1.675699299417405391e-02
1.885355692179108492e-02
5.292513757224737159e-02
7.685457468172693374e-02
5.730645698226943807e-02
5.252911136217319754e-02
2.593994107321680870e-02
5.947843941450709632e-02
3.973185992347398610e-02
3.001835091559072397e-02
