0.000000000000000000e+00
4.401288663096884074e-02
2.715813876049812114e-02
1.157268698117028816e-01
9.560276162335099026e-02
6.995980419752120816e-02
5.279459234645989679e-02
5.461038798232776409e-02
2.097305580106486114e-02
1.807837775457995719e-02
5.844379431904843381e-02
7.185458242729150791e-02
7.445340497948355063e-02
7.049482709304122352e-02
4.097917248876107449e-02
5.319885216483839774e-02
1.108941026463406976e-01
1.009119020387551774e-01
6.957304794287495764e-02
1.181029863168119726e-01
3.194363779382380919e-02
5.858362853257956943e-02
1.147458865833983210e-01
3.357921838405283910e-02
6.638724510120530553e-02
4.861076513162875673e-02
3.072888303969362883e-02
5.033925944144983927e-02
4.871699279842180846e-02
4.359383157240644818e-02
4.460487642761475080e-02
1.096848089079336397e-01
3.471325377098014725e-02
8.704167240236210246e-02
6.024352087673073841e-02
4.893033464099646318e-02
5.763331820859555338e-02
3.085529734274898225e-02
5.242861948766344010e-02
7.200581551683091219e-02
4.411270547878885784e-02
3.379267352898941701e-02
2.920308715542355854e-02
9.161713383702752012e-02
4.853958612364005221e-02
3.138605546497133525e-02
4.418188550054070324e-02
9.751101734387426778e-02
4.591594435975554500e-02
3.648740317884100609e-02
7.376917529433126008e-02
7.533136318904583295e-02
6.413493303918742228e-02
5.763505689537125332e-02
1.070567323232207296e-01
1.047855056666828766e-01
1.137871629576221177e-01
1.186650491097112209e-01
4.330963018467776787e-02
1.463527389030040184e-02
4.877552281589660199e-02
7.103062465558175609e-02
4.493045472671069324e-02
2.440693184613563702e-02
4.391487684107574230e-02
4.507847299093963728e-02
3.426085381107836503e-02
6.121940780520041675e-02
4.748195545057629086e-02
4.585451288774249762e-02
1.148805937750193434e-01
3.940365742231689838e-02
1.059082011670942902e-01
6.118217086725340897e-02
8.234358808157114795e-02
7.542711120745458631e-02
1.168740016362899981e-01
5.158207346304246460e-02
1.073047931010771144e-01
7.691301898317920438e-02
6.212522296518151882e-02
1.003631419684786058e-01
2.983906595569291165e-02
7.895507642504619172e-02
5.289661504870907249e-02
1.191063864218818019e-01
2.011314612981061206e-02
7.120781739898712770e-02
5.291842591263523632e-02
5.312810462304036474e-02
5.848065445350948688e-02
8.456864275067210723e-02
1.373451908364709817e-01
2.963901269660051269e-02
2.620058302832271868e-02
9.924383993052389441e-02
2.737244022079079325e-02
6.855313082285199866e-02
3.059262133483715146e-02
6.911025874286613746e-02
8.452268946411657657e-02
