0.000000000000000000e+00
6.993552853496341759e-02
1.491393205173412173e-01
1.502566349695653829e-03
6.963607692918065417e-02
1.276693931546489524e-01
2.518552358867000643e-03
3.064640454088044669e-02
8.885095508296671435e-04
3.179610006195357952e-04
7.772494642733975001e-02
1.741284470123311695e-02
2.955031992791887110e-04
1.540323530153757219e-02
1.423375879198833516e-01
1.967230539909018902e-02
1.992753508882566180e-02
1.124279436377115249e-01
5.633655357104016929e-03
1.230171593212147363e-01
2.586051286874961608e-02
9.067782305446881255e-03
1.840067933013509469e-03
1.188963007297097647e-02
3.220595094334900493e-04
2.398041867627572279e-02
6.268234801514572727e-03
1.281040482364395605e-01
7.480064633696190124e-02
1.150396122906534270e-03
1.166614368507032243e-03
7.134062138695365131e-03
1.023551084036850856e-01
8.882314475104360896e-02
9.711975207566209134e-02
4.313144124434948462e-02
7.603184917316000747e-03
1.457907638781103573e-03
2.636977601489555196e-03
7.777100281513651264e-03
9.480023102508371158e-02
6.913919066835290395e-02
1.930545931090157236e-02
5.747667332936951673e-02
1.250995400882805308e-01
8.929322480623996805e-02
6.464125707365028783e-02
8.244112414136858108e-03
1.123631217409723632e-01
1.817081576722930081e-02
3.477344638971179708e-02
1.131356378006628111e-01
2.137271653277670290e-03
2.110134731691661741e-03
3.359369226111221830e-03
9.196140365356841873e-02
9.894673196163585038e-02
1.027985371369234333e-02
1.754857779844928856e-02
7.881089995485375099e-04
1.031460400140034178e-01
7.477597632241490822e-02
4.679051244760723885e-03
1.002493919093472644e-02
2.208011932953292400e-02
8.044555370771126757e-02
1.179429477290928757e-01
5.781067730593225678e-05
1.327250168474047309e-01
1.050045760956423019e-01
4.150123001135935449e-03
1.831589008685952438e-02
1.883398664122004455e-03
9.677187422684209103e-03
5.414904194615130506e-02
1.005670971666192820e-02
1.376841977016305882e-02
1.112823083857310130e-01
3.973727681716883171e-04
1.226738807887614927e-02
3.292178914957999414e-02
4.323986687468153733e-03
9.570654733662075590e-04
2.795473970346015052e-02
1.280397640176988427e-01
1.677949640430124924e-03
9.557083104789891245e-03
6.532982164237851079e-04
3.429313035424069083e-04
1.113674352174284787e-01
8.757356362207767420e-02
1.044841845449125117e-02
1.777273320988567327e-03
9.134455268068764067e-02
3.345763439298403397e-04
7.486288287312320433e-02
2.470278805159757674e-02
1.254604239136725696e-01
3.568351907413528420e-03
9.646122775375391744e-04
1.385010741868682692e-03
