0.000000000000000000e+00
1.643277048641495972e-02
1.643277048641495972e-02
1.643277048641495972e-02
1.643277048641495972e-02
1.643277048641495972e-02
1.643277048641495972e-02
1.643277048641495972e-02
1.643277048641495972e-02
1.643277048641495972e-02
1.643277048641495972e-02
1.643277048641495972e-02
1.643277048641495972e-02
1.643277048641495972e-02
1.643277048641495972e-02
1.643277048641495972e-02
1.643277048641495972e-02
1.643277048641495972e-02
1.643277048641495972e-02
1.643277048641495972e-02
1.643277048641495972e-02
1.643277048641495972e-02
1.643277048641495972e-02
1.643277048641495972e-02
1.643277048641495972e-02
1.643277048641495972e-02
1.643277048641495972e-02
1.643277048641495972e-02
1.643277048641495972e-02
1.643277048641495972e-02
1.643277048641495972e-02
1.643277048641495972e-02
1.643277048641495972e-02
1.643277048641495972e-02
1.643277048641495972e-02
1.643277048641495972e-02
1.643277048641495972e-02
1.643277048641495972e-02
1.643277048641495972e-02
1.643277048641495972e-02
1.643277048641495972e-02
1.643277048641495972e-02
1.643277048641495972e-02
1.643277048641495972e-02
1.643277048641495972e-02
1.643277048641495972e-02
1.643277048641495972e-02
1.643277048641495972e-02
1.643277048641495972e-02
1.643277048641495972e-02
1.643277048641495972e-02
1.643277048641495972e-02
1.643277048641495972e-02
1.643277048641495972e-02
1.643277048641495972e-02
1.643277048641495972e-02
1.643277048641495972e-02
1.643277048641495972e-02
1.643277048641495972e-02
1.643277048641495972e-02
1.643277048641495972e-02
1.643277048641495972e-02
1.643277048641495972e-02
1.643277048641495972e-02
1.643277048641495972e-02
1.643277048641495972e-02
1.643277048641495972e-02
1.643277048641495972e-02
1.643277048641495972e-02
1.643277048641495972e-02
1.643277048641495972e-02
1.643277048641495972e-02
1.643277048641495972e-02
1.643277048641495972e-02
1.643277048641495972e-02
1.643277048641495972e-02
1.643277048641495972e-02
1.643277048641495972e-02
1.643277048641495972e-02
1.643277048641495972e-02
1.643277048641495972e-02
1.643277048641495972e-02
1.643277048641495972e-02
1.643277048641495972e-02
1.643277048641495972e-02
1.643277048641495972e-02
1.643277048641495972e-02
1.643277048641495972e-02
1.643277048641495972e-02
1.643277048641495972e-02
1.643277048641495972e-02
1.643277048641495972e-02
1.643277048641495972e-02
1.643277048641495972e-02
1.643277048641495972e-02
1.643277048641495972e-02
1.643277048641495972e-02
1.643277048641495972e-02
1.643277048641495972e-02
1.643277048641495972e-02
1.643277048641495972e-02
