0.000000000000000000e+00
1.573868069021284663e-02
1.573868069021284663e-02
1.573868069021284663e-02
1.573868069021284663e-02
1.573868069021284663e-02
1.573868069021284663e-02
1.573868069021284663e-02
1.573868069021284663e-02
1.573868069021284663e-02
1.573868069021284663e-02
1.573868069021284663e-02
1.573868069021284663e-02
1.573868069021284663e-02
1.573868069021284663e-02
1.573868069021284663e-02
1.573868069021284663e-02
1.573868069021284663e-02
1.573868069021284663e-02
1.573868069021284663e-02
1.573868069021284663e-02
1.573868069021284663e-02
1.573868069021284663e-02
1.573868069021284663e-02
1.573868069021284663e-02
1.573868069021284663e-02
1.573868069021284663e-02
1.573868069021284663e-02
1.573868069021284663e-02
1.573868069021284663e-02
1.573868069021284663e-02
1.573868069021284663e-02
1.573868069021284663e-02
1.573868069021284663e-02
1.573868069021284663e-02
1.573868069021284663e-02
1.573868069021284663e-02
1.573868069021284663e-02
1.573868069021284663e-02
1.573868069021284663e-02
1.573868069021284663e-02
1.573868069021284663e-02
1.573868069021284663e-02
1.573868069021284663e-02
1.573868069021284663e-02
1.573868069021284663e-02
1.573868069021284663e-02
1.573868069021284663e-02
1.573868069021284663e-02
1.573868069021284663e-02
1.573868069021284663e-02
1.573868069021284663e-02
1.573868069021284663e-02
1.573868069021284663e-02
1.573868069021284663e-02
1.573868069021284663e-02
1.573868069021284663e-02
1.573868069021284663e-02
1.573868069021284663e-02
1.573868069021284663e-02
1.573868069021284663e-02
1.573868069021284663e-02
1.573868069021284663e-02
1.573868069021284663e-02
1.573868069021284663e-02
1.573868069021284663e-02
1.573868069021284663e-02
1.573868069021284663e-02
1.573868069021284663e-02
1.573868069021284663e-02
1.573868069021284663e-02
1.573868069021284663e-02
1.573868069021284663e-02
1.573868069021284663e-02
1.573868069021284663e-02
1.573868069021284663e-02
1.573868069021284663e-02
1.573868069021284663e-02
1.573868069021284663e-02
1.573868069021284663e-02
1.573868069021284663e-02
1.573868069021284663e-02
1.573868069021284663e-02
1.573868069021284663e-02
1.573868069021284663e-02
1.573868069021284663e-02
1.573868069021284663e-02
1.573868069021284663e-02
1.573868069021284663e-02
1.573868069021284663e-02
1.573868069021284663e-02
1.573868069021284663e-02
1.573868069021284663e-02
1.573868069021284663e-02
1.573868069021284663e-02
1.573868069021284663e-02
1.573868069021284663e-02
1.573868069021284663e-02
1.573868069021284663e-02
1.573868069021284663e-02
1.573868069021284663e-02
