0.000000000000000000e+00
1.968783128326836562e-03
1.314256770319320068e-02
1.297586109641994494e-02
1.933692836037298945e-03
1.303435315901496638e-02
1.211410200485798540e-02
1.847304806346272872e-03
1.312122825529830460e-03
1.298339212072344671e-02
1.416195004056924152e-03
2.075169518213599608e-03
1.321020533719188816e-02
9.002873070374768291e-03
1.684176584877253519e-03
1.253871518670476512e-02
1.258737281850674621e-02
1.552199905778927106e-03
9.561780734154616199e-03
2.060277639500052854e-03
7.524245282557792854e-03
1.283760899697253093e-02
8.809430941700663667e-03
2.421129057336496825e-03
2.600654464125983726e-03
1.257437614933303374e-02
1.185523104482014319e-02
1.394153733975950953e-03
1.679109166253889588e-03
1.550462953807392073e-03
2.060317838106446534e-03
1.332833723986545822e-02
3.762306720707416039e-03
1.810261908389431892e-03
1.499145625676407941e-03
1.347822498079177637e-02
6.029659652796418197e-03
2.659483100284366561e-03
8.947588802994588600e-03
1.237267201133224540e-02
1.857526441250763327e-03
1.425219411688109783e-02
1.322626160216889071e-02
1.540028210012988263e-03
5.298364932669094585e-03
1.182041410068814663e-02
1.240850843355157697e-02
2.356533091440226116e-03
1.301383514684706713e-02
1.400805830346797502e-02
1.233196158699563331e-02
2.513294555927884574e-03
1.253002823118162454e-02
1.362691330674921375e-02
1.166625138502964260e-02
9.626444093793528126e-03
1.709673409802776661e-03
1.266064542442157589e-02
1.201577514238726108e-02
1.364885414951956880e-02
1.224704309899138539e-02
1.241931740716945877e-02
1.316727677129076596e-02
3.847129743540367644e-03
1.246812597529478941e-02
1.182508800545530384e-02
8.866406439468071596e-03
1.417400169242892570e-03
2.573687990272151890e-03
1.776635118434933451e-03
1.564012097681233369e-03
1.320554790718806576e-02
1.966336979367835046e-03
1.365637466765839449e-02
1.288935415237900915e-02
1.226713059501114041e-02
2.179636169832251981e-03
1.850673937786615235e-03
1.790460469720927096e-03
2.068420804190171120e-03
1.948566271943877456e-03
2.379440710943151165e-03
1.294303873951367645e-02
3.528655972885888937e-03
1.210034832730502198e-02
1.200989969106306191e-02
1.176622413798435185e-02
1.355582677276710724e-02
1.090193460319847495e-03
1.366651954995920341e-02
1.978271627533861442e-03
1.290571441875824031e-02
1.251077067339654951e-02
2.795943885752274864e-03
7.583610069169651954e-03
8.880202025365897117e-03
1.284578664002294576e-02
1.359569397575447966e-02
7.202673612391029961e-03
1.701344792117264393e-03
1.468871383765389671e-02
