0.000000000000000000e+00
1.769771987496740126e-02
7.161850635943665944e-02
9.750240247469844912e-02
1.491790384016052594e-02
3.548358483043643347e-02
2.043485568441795117e-02
4.158144598399609281e-03
1.863131271599926392e-02
2.692292074774067095e-02
6.493226746322738885e-02
1.548014098715449170e-02
1.198867193188587511e-02
2.797423659698500611e-02
3.433846928393787662e-02
1.556221213869384522e-02
6.010314224878005041e-02
1.050267738266556783e-02
4.669251402087433445e-02
4.133630124434346104e-02
3.422392833140416174e-02
8.164686423910915911e-03
1.249837161733958427e-03
1.602409700578266705e-02
2.908909438842732093e-02
9.024573504622176653e-03
3.516494325876501348e-03
5.428656913970550391e-02
9.624355679115619011e-02
2.491665058466955782e-02
5.821259184616214138e-02
2.117275115133391075e-02
1.222069844039990194e-01
3.308951954271767415e-02
2.379148539908616800e-02
2.239599378897587020e-02
1.093457371730545968e-01
3.601504101499865967e-02
7.196690084666667285e-03
2.007709267502378464e-02
6.361531371795976775e-02
1.970028882485495500e-02
2.936235290405509249e-02
8.570809369371314157e-02
1.488916638253488280e-02
7.448842397314373032e-02
2.353096380492108314e-02
6.319793161610273713e-02
3.783010614453388709e-02
2.212164250731769519e-03
1.862029546764345372e-02
4.667638696431705703e-02
1.609923542545249955e-02
8.023730328834055223e-03
1.108650945882884951e-02
1.698315575202285696e-02
3.916881531675635297e-02
8.035431798409443591e-03
1.140840429168159427e-02
9.733130758310709618e-02
2.556298700881435085e-02
3.208394694186831458e-02
1.381008893246202587e-02
5.968164946507263646e-02
1.499340944038111620e-02
1.635987689876272633e-02
8.099802497829272294e-03
2.716459419623190943e-02
1.294366414610318913e-02
3.123262544936061813e-02
1.040904580469877161e-02
1.320458719030275473e-02
7.605202525169463615e-03
3.615909965876722143e-02
2.745164706122392440e-02
2.615545564953480201e-02
9.195034678537000392e-03
3.153101622331910825e-02
3.444788477952102218e-02
5.057705620845336092e-02
6.588804252008650247e-03
1.080414207463211568e-01
3.505973876559287383e-02
1.382118497535879120e-01
1.182148679722440712e-02
6.271892846725062032e-02
6.679602282039973603e-03
5.201258306279623461e-02
2.994981485281038650e-02
3.838874170145609166e-02
1.443866782810699148e-02
4.450442308959101645e-02
1.166977175002179880e-02
1.962450011520359625e-02
5.134054983746742795e-02
1.675136021948614093e-02
2.180811059485423739e-02
5.122847683602656244e-02
5.174289806246363393e-02
7.311639214023455194e-03
2.563227982931711238e-02
