0.000000000000000000e+00
3.846344784421472325e-05
1.042351488462317105e-06
1.043867650657878486e-04
7.319231079817349822e-04
1.822691418926649821e-05
1.464014973932816974e-02
1.232553705652551591e-06
1.808004502707870982e-03
5.218780549619739672e-06
8.567498960312559396e-05
1.064238092917233272e-03
1.162597399260369335e-06
9.610290142713863429e-06
1.294842990752855449e-03
1.679067404396769397e-04
9.562310950287600752e-05
2.088549636320445238e-05
1.148586487885327418e-05
8.312403598602194398e-04
1.552777642940060326e-03
9.602013431197379406e-03
1.656947572370146005e-02
9.938746418383476225e-07
1.561420332495017278e-02
7.792526380173077187e-03
3.030032757454468109e-02
1.090952487486321993e-03
1.521321376040636521e-03
7.949719212145724004e-05
2.747815057542023903e-04
1.317675940272156553e-04
2.349516490981891614e-06
2.673359901825912493e-04
1.182007240614360150e-05
3.488316403863760021e-04
9.884579486508176084e-05
1.751550975696977700e-05
1.808995887183635631e-02
5.385560423554022758e-03
2.810608158191393174e-05
2.297492431410199168e-03
1.055618558152245367e-06
9.828033053458763799e-04
3.624883126682559267e-06
2.762747540051741792e-04
5.800722932163746004e-05
3.023762956561482432e-02
1.441120726094249611e-04
9.693846113732813743e-05
1.625459570677987783e-02
1.682342817982112431e-06
6.275018756612945139e-06
2.226496665211444687e-06
9.733687556579525071e-04
2.351271760724788547e-03
1.704170664050243473e-05
1.386270806444063648e-02
5.321990200464277794e-05
2.602465629790043945e-06
1.336158899038294989e-02
7.977654265295477248e-03
1.580409425867170328e-02
1.275826671093121536e-04
9.865177399036645901e-07
1.258169092661669978e-05
3.864845768580189617e-04
1.070899937712919756e-06
1.054528900047468614e-06
1.698878894997231295e-03
9.341127317968182830e-05
1.019692181760707655e-05
2.376208201818852091e-04
2.686100918237083451e-03
1.093843631610754119e-04
5.652655389975577357e-03
2.069642143193101917e-03
6.458787310081991076e-05
2.433714854515843043e-06
1.658737343174563825e-03
1.119257752551353521e-06
5.444878333218735808e-03
6.302439880953085612e-03
1.948459621706637602e-03
1.018147557115713894e-04
2.576212678960170346e-04
3.773103167764434163e-03
7.259277952883639765e-06
9.842613168247827778e-07
1.125730183944765288e-04
2.756286203153696275e-03
1.546369478465150216e-06
9.074172300037042227e-03
1.203035770565514551e-05
3.255743977571996794e-02
6.657782898116454580e-03
2.261064233771718421e-04
1.540829857213895855e-06
4.277228872667170295e-04
1.321058398653773286e-06
7.445629718643584577e-04
