0.000000000000000000e+00
2.624815700769343989e-03
3.169701528615735849e-03
2.539938834343983490e-03
1.132733850686281837e-02
1.213498902476861825e-02
6.972034640129715945e-03
1.210399021959695197e-02
1.155658167419290790e-02
3.372258809366079305e-03
2.496159551300388118e-03
1.143424369210290295e-02
2.926228962169786455e-03
1.192700568346340660e-02
1.177920745870860396e-02
1.149044452438365178e-02
4.358502021730509962e-03
1.246607007897933619e-02
3.378874507397031535e-03
1.064402169189807013e-02
6.435541956073475081e-03
2.741095367429273021e-03
1.257108158454779342e-02
3.680531784145015754e-03
1.113766044997231523e-02
1.117760849654442570e-02
2.531163092763050616e-03
1.189523819649228147e-02
1.137899625913614543e-02
3.028964647864242164e-03
1.133830486782569369e-02
6.940343603114094116e-03
1.252486845373812670e-02
2.910458677636545716e-03
3.820363355717106609e-03
3.909684086960395558e-03
1.199668674173508601e-02
1.071395518577348063e-02
2.629775411137771392e-03
1.080699513018803203e-02
3.248625491270195308e-03
4.181149255345103892e-03
3.318835814304505350e-03
1.226805181878000243e-02
3.054193092184884911e-03
2.669241824113927422e-03
2.580918578345514462e-03
1.120978181123069052e-02
2.661322107508797691e-03
1.192407093880907404e-02
1.203413518116099208e-02
2.847600721754875962e-03
4.174401906792569311e-03
3.749421205443900784e-03
1.092480685094410035e-02
3.122536179040882789e-03
3.721731229969082230e-03
1.189923975355124640e-02
1.251975640268862891e-02
1.190491637472375352e-02
3.440422487495805714e-03
4.042366974865409246e-03
3.472187660266645021e-03
1.153369422201521236e-02
1.280278274202490546e-02
1.122282873123429774e-02
1.174396909131129180e-02
1.264471072652791246e-02
3.577348300203900527e-03
1.069352792514349088e-02
1.107028693288050758e-02
2.535840374152965697e-03
3.462453086912422023e-03
6.694747847275179728e-03
2.605598156933688035e-03
1.018800929559032786e-02
6.830917854486826500e-03
1.129265477850734979e-02
1.039485179403128526e-02
4.653927013664056409e-03
1.195080711938342581e-02
3.102574594832682980e-03
1.227971893925941874e-02
3.798210295098016550e-03
1.184397936572514215e-02
2.290177883414028573e-03
1.095828227088906613e-02
1.173857724750620828e-02
3.725854337808224767e-03
2.298359299782047529e-03
2.916331471159636785e-03
1.177547268322684179e-02
2.976434389993782518e-03
3.071176198856904148e-03
3.317665237660117304e-03
1.116254281816640020e-02
1.164622607788537434e-02
2.931156946542734249e-03
1.088278822784645265e-02
1.184002755836850371e-02
3.662440030965969685e-03
