0.000000000000000000e+00
2.447313064660928406e-01
4.352962670996990968e-01
3.678430394569543599e-03
2.252073206626663826e-01
3.462549571911848201e-01
6.400416321092596006e-03
9.409396380628430590e-02
1.654909810109450640e-03
8.896947840519681084e-04
2.405384231022584529e-01
3.496697922847859935e-02
8.343434745853997104e-04
3.673109099709206959e-02
4.118287464378322937e-01
4.825071609239309917e-02
4.697850863029691404e-02
3.127925663170078030e-01
1.035741253127998342e-02
3.389565497271087025e-01
6.723233976018891389e-02
2.691822050928701499e-02
4.087849059123962840e-03
3.296986744567068084e-02
6.499267159022550098e-04
7.124714778948706972e-02
1.759432462065691274e-02
3.701587193399972220e-01
2.741058142073542481e-01
2.949700107286761918e-03
3.356389822908346920e-03
1.789525122949499336e-02
2.787251936031813759e-01
2.605730136490499449e-01
2.663918641202570603e-01
1.102859346114009736e-01
1.421961838140131315e-02
3.359363162067716211e-03
5.231792057588649861e-03
1.718282964851830866e-02
2.961734901880561099e-01
2.007512321814130252e-01
5.230341988861003655e-02
1.794900690008623401e-01
3.664612119212745656e-01
2.845934923047514498e-01
2.080935269285752176e-01
2.424827753826370655e-02
3.320096476309907230e-01
4.669578423238517073e-02
9.521763620884311774e-02
3.486754105721643349e-01
5.985484538138460126e-03
2.141233713218574676e-03
5.751537469753748195e-03
2.642903095327656104e-01
2.804874273777029359e-01
2.825882907101246247e-02
4.847321530676327456e-02
4.380577583495305757e-04
3.006289408815027153e-01
2.084084320960863101e-01
1.345158595856743231e-02
2.025851503824994959e-02
5.706951911412874723e-02
2.223238055768678445e-01
3.508205206909548735e-01
2.174034434000368394e-04
3.914769752687908833e-01
3.050555367020277298e-01
1.287193672674790713e-02
4.147217563047069649e-02
5.425371297148743992e-03
2.269708182233457980e-02
1.974850780045154797e-01
2.604727821646627209e-02
3.424321347647144020e-02
3.240644339765718640e-01
8.810755328255277753e-04
4.284631784563419643e-02
9.461866194620620341e-02
8.356871243703349258e-03
2.871320234903084519e-03
6.075342764341303686e-02
3.747707985609263770e-01
5.158226729965075495e-03
2.439585670270447496e-02
8.889269002494457972e-04
1.042214534981397364e-03
3.393634207477787545e-01
2.564220164361033505e-01
2.051603781726132197e-02
5.754759321379452480e-03
2.918889412283228180e-01
9.321482037662946838e-04
2.159885644305933050e-01
5.656712234708989595e-02
3.733778116340638054e-01
1.069537912509523590e-02
1.312747179592669471e-03
1.285148274068416679e-03
