0.000000000000000000e+00
1.028788733493709581e-04
1.113815971007599844e-06
5.045456097657083187e-04
1.695906095819013160e-03
1.242056922861909188e-04
2.529672828777836460e-02
1.229501807995436860e-06
2.865607099155864125e-03
2.517512437390077884e-06
1.663659338996551157e-04
7.108890107349474666e-04
1.641954702965524934e-06
5.855548783096665988e-05
1.039195692295871373e-03
4.588485255767120160e-04
2.585984046562292264e-04
1.426875767031107875e-04
5.293559224184532139e-05
2.700727836627459140e-03
2.020745924125045157e-03
1.780213968220053719e-02
3.185751780536143912e-02
9.999999974752441902e-07
3.314906639063984473e-02
1.883058706921815831e-02
3.587865098741158804e-02
2.157646695969960091e-03
2.418234062800787582e-03
3.058245842986394248e-04
5.253640178211327599e-04
8.110049177460231006e-04
3.229907740677976503e-06
8.275508773762761542e-04
2.184355989538484038e-05
8.998579644197943103e-06
5.314693965591980396e-04
1.086599116505481609e-04
4.936707823867906436e-02
8.490625103663915901e-03
2.445635684892230995e-05
1.770496814157923029e-03
1.371861940776312419e-06
2.243585560915571132e-03
2.821504496449734906e-06
4.581105669644721322e-04
5.315712553147520163e-05
7.473178480902958887e-02
7.085920381701727193e-04
3.491716047080837995e-04
3.848029429186554384e-02
3.187480372887283878e-06
1.328452435627132951e-05
1.484993383935912963e-06
2.887727063172939191e-03
7.062668010407314144e-03
1.122533003306521094e-04
3.042782028975618211e-02
1.404231010259261302e-04
1.366089497427871547e-06
3.586407957233257032e-02
2.376841157050679082e-02
3.990559512133225878e-02
5.138706574130069921e-04
1.013383857962127468e-06
5.129765189917451446e-05
4.914179694910251811e-04
1.020549569790462093e-06
1.063448427752251305e-06
3.466566355372742870e-03
4.347477995313999929e-04
5.801800132954197154e-05
8.857867369017357641e-04
4.438738713736332421e-03
2.746374299620515241e-04
1.275090048480532513e-02
5.476917140502155466e-03
1.102012146391451050e-04
3.434346149642606520e-06
4.044466627612763876e-03
1.181377847048288958e-06
8.989288096526437677e-03
1.826294118350848053e-02
5.183994187331204513e-04
1.797238798562756672e-05
9.037076161746911444e-04
4.508929300603708654e-03
4.031860528506698432e-05
9.999999974752441902e-07
4.594638081649559790e-04
4.783404818987857347e-03
3.703859625794330759e-06
1.340071083702416670e-02
9.081571009188879644e-06
3.115884682572529762e-02
1.579998073161933622e-02
6.528339711683139694e-04
1.806093739189365232e-06
1.106405359310507104e-03
1.146853324979195356e-06
2.343103849344859661e-03
