0.000000000000000000e+00
1.842286244831077341e-05
2.285988799267716330e-03
2.369245808022719772e-03
2.212159811628822460e-05
2.216648654199023828e-03
2.190108216141190521e-03
3.090689329973040923e-05
1.816563541921511845e-05
2.127746001336324085e-03
8.250462488676288378e-06
4.213998921926312115e-05
2.110973946383193963e-03
7.034985129035124058e-05
1.531275901944832168e-05
2.054492467599720439e-03
2.005777924864470419e-03
2.310191975713003082e-05
8.529128338152779131e-05
2.978179508462255523e-05
5.611727481669937716e-05
2.357286891307405156e-03
6.488745200549426268e-05
4.794538317376358826e-05
4.150846493192383499e-05
2.303052154593619900e-03
2.250696572378763690e-03
2.127685798592451603e-05
1.325864970338951147e-05
1.658121663407364501e-05
2.796349034758710886e-05
2.067303490989802570e-03
1.982486249421255045e-05
1.381508213599527322e-05
3.061057539389980356e-05
2.248937699102501048e-03
3.169910083735832273e-05
4.245764492701341520e-05
1.236388487105213201e-04
2.218008476546033583e-03
2.951424187697818257e-05
2.490502895861182019e-03
2.122910526297970470e-03
2.843120607416720728e-05
3.144258295374335757e-05
2.215636043695074029e-03
2.323650590126993733e-03
3.433556767848581175e-05
2.334203565045223257e-03
2.656722683517777784e-03
2.079269318087346736e-03
4.037163078878375889e-05
2.171302471435143915e-03
2.231493867906515945e-03
2.088668206352277401e-03
1.110440193242180802e-03
2.863699202022885969e-05
2.081508288104946727e-03
2.155786738497812195e-03
2.234973438101259171e-03
2.211485150446893672e-03
2.360336997349180010e-03
2.140077836945249862e-03
2.113091839699798673e-05
1.996522356454380042e-03
2.123358157331285256e-03
1.521677762824590855e-04
2.999527688233539834e-05
1.338280787075868653e-05
2.296528774118010679e-05
1.348567252251714280e-05
2.317767889604853415e-03
3.928486004285064920e-05
2.388239406914810341e-03
2.282461248933404657e-03
2.132382692945189884e-03
2.648455077735743703e-05
2.398089762601185410e-05
3.312107683465906110e-05
3.212566545189772944e-05
1.520959759089434903e-05
2.215561097292259135e-05
2.031932968664765336e-03
1.510600454825105195e-05
2.003162790829582113e-03
2.092674613274108676e-03
2.183194096626126218e-03
2.230569664264881336e-03
9.390196831068274610e-06
2.497710750732961681e-03
1.745255779613608791e-05
2.038037636137498502e-03
2.305727280334093215e-03
3.593622786198149698e-05
6.334587056794767053e-05
4.314870738622169450e-04
2.084441070509249292e-03
2.481118614498164631e-03
3.837416322073163076e-05
2.532630319401390280e-05
2.561526844714890651e-03
