0.000000000000000000e+00
1.146450225201049861e-01
1.113654643341931566e-01
2.831339226376770601e-01
8.356450394118347669e-02
1.211656350987251468e-01
3.937557718549659636e-01
1.435953835769735176e-01
1.117964730059651107e-01
2.024898511205631968e-01
9.702291413998519187e-02
3.757709550111779651e-01
1.820746486701269040e-01
4.714090543533246969e-01
8.856462410099881499e-02
8.691414048660656144e-02
5.734778577989514681e-02
1.412520216440471266e-01
9.201850013434974274e-02
5.199575711805472927e-02
5.240731593745288908e-02
4.060344540832389604e-01
1.272592403678230455e-01
9.986909960463834224e-02
3.795846736094067864e-01
6.393166236238229105e-02
5.166039680335303419e-02
1.391214734097173666e-01
1.211394772692820782e-01
3.180773552713220265e-01
1.844410509231735051e-01
4.756319810629835998e-01
6.279244431044510300e-02
1.457032097811624405e-01
2.466732383524126437e-01
8.861716914241966891e-02
6.753385982449802705e-02
5.088925135607624828e-01
1.162121362636793498e-01
4.220840147966372080e-01
2.186752899232737857e-01
5.908434488732682011e-02
6.551970513749208469e-02
1.516712559817207651e-01
1.087092518573865435e-01
1.218720218400398680e-01
6.382728017365295325e-02
2.739652611600469356e-01
1.728762078842460137e-01
5.221162823533672531e-02
2.924551189213641655e-01
7.572510462296508371e-02
4.712665461650107912e-01
8.245112437615494116e-02
1.750519724108772768e-01
2.462887987777205856e-01
2.025020822389834996e-01
5.772815264471761049e-02
9.199411498647905305e-02
1.217272670586817818e-01
1.405489679718501250e-01
1.748994741808016506e-01
4.466868561405632487e-01
9.109276069292178424e-02
7.060187520281416274e-02
9.922796975927829222e-02
1.087657379235475869e-01
1.413770496536146393e-01
1.259011321044285203e-01
1.209569076443960389e-01
3.962388079852463552e-01
6.359296060677231688e-02
4.846885079189892642e-01
4.067729130279741367e-01
1.086710025507542227e-01
4.307005584953936816e-01
3.428973833902552171e-01
1.328887135961554222e-01
1.938532037081870107e-01
6.970618082989413211e-02
9.870840636381190969e-02
1.706993496577119129e-01
4.162124865726651302e-01
6.383737809471431990e-02
1.461469758981448208e-01
3.319625643206424725e-01
6.020183750959440944e-02
5.089618596313267851e-01
1.056375207297511887e-01
3.056653981287457689e-02
1.644915690847385814e-01
4.854195387536811013e-01
4.360590578075932422e-01
1.790473457768138321e-01
4.376409801322148074e-01
2.164176480578437478e-01
4.708507299761013343e-01
7.170978380490611315e-02
3.754500524681957940e-01
1.123974971584339871e-01
1.472460662158851241e-01
