0.000000000000000000e+00
8.871782940761512026e-03
9.128929516819308740e-03
8.871000675664984444e-03
1.039053599077248950e-04
2.837266954265168150e-04
4.932355397170212763e-03
4.169410638657829334e-04
2.453134644979062715e-04
9.307243628977472302e-03
8.818954346499027763e-03
1.137950640404794935e-03
9.466694609452219050e-03
8.153469652457715996e-05
9.239199252236364359e-05
1.466494204486108646e-03
7.665057790974847546e-03
1.323272237926958908e-04
9.494395085644839402e-03
1.630428930921226779e-04
5.664159076106078244e-03
8.411469233629153761e-03
2.033363333390663709e-04
9.065692593734580793e-03
2.486754500163760109e-04
1.883680599359709911e-04
9.564957067394790069e-03
1.485018947651301456e-04
2.042649212283834071e-04
9.419266593345661590e-03
2.591282533291891315e-04
5.080589495003425340e-03
1.722544141435373565e-04
8.764027947148108830e-03
9.069185845337302335e-03
9.301946497782279111e-03
1.229621961515231445e-04
1.371495210014375167e-03
8.995818963640279595e-03
1.330990256907190231e-04
9.104752059616916249e-03
8.610001659998429979e-03
8.805086339390541875e-03
1.877675587585385495e-04
8.367412693112245836e-03
8.860645693044134560e-03
8.591879213720616040e-03
1.238383153043106581e-04
9.401946076667245036e-03
1.482122552394689069e-04
2.217957656382635637e-04
8.580267466467443593e-03
7.801436518297773758e-03
9.715584698747331896e-03
9.316696371041406437e-05
9.291252270226613499e-03
8.584840760946916421e-03
1.080687063334817712e-04
2.315671629400947262e-04
1.646340633736194587e-04
7.722916548468261068e-03
7.100391850802773887e-03
9.017072710633429813e-03
1.318377095705953875e-04
6.893068223498956346e-05
1.092771833286742942e-04
1.425363264755757052e-04
4.331930438464535516e-04
9.273377805391653725e-03
2.140797900689151247e-04
8.489732203953618910e-05
9.275960147809479694e-03
8.629661318349985538e-03
4.537365878089163682e-03
8.937434771135368411e-03
8.200580501164095315e-04
5.221745357039227903e-03
1.156680440149589049e-04
2.572493281059780833e-03
7.516780857472982191e-03
6.236838358639521483e-05
8.703472252614981308e-03
1.496834900704478559e-04
9.029420761702025913e-03
2.844827793655583278e-04
9.334170400882083746e-03
3.120164543175819026e-04
9.733783646938416170e-05
9.102785004509200695e-03
9.734571488933269762e-03
8.461188117590705965e-03
1.042787388798635501e-04
8.859352919200204693e-03
8.665114108207073312e-03
8.536681202447471070e-03
1.124633717011204958e-04
2.292029024655093511e-04
9.450329947553730292e-03
1.593100636163421655e-04
3.300106827264867745e-04
9.222154196492549430e-03
