0.000000000000000000e+00
5.803796597324699380e-02
5.591836664646097910e-02
1.696512272143649649e-02
1.599003234024928832e-02
2.520469114917692557e-02
6.269408676388700530e-02
2.091741421438598689e-02
9.164761463761336713e-02
7.134009708921686121e-02
6.041600658512319422e-02
2.156924861832936260e-02
2.406539598735799729e-02
2.357107890677046652e-02
1.728610293661414846e-02
8.939460658215303557e-02
2.618576799874400285e-02
2.400859403866118305e-02
9.959151711335294255e-02
5.995666702058029263e-02
5.326912642826564515e-02
1.005506261921179506e-01
1.996941984217588326e-02
1.592161580513548613e-02
1.813439504441412969e-02
5.965522409717177732e-02
6.303680435305049345e-02
7.182486453880516930e-02
5.904183855405667480e-02
9.313864250830002078e-02
1.154354719663377993e-01
3.718943301665412343e-02
1.649451542870294593e-02
1.958917295748332024e-02
1.863471528028723054e-02
4.662954831260514993e-02
4.399061251450744198e-02
9.550191390210319153e-02
6.816688650770399982e-02
2.030698728010808113e-02
2.243203722642026290e-02
6.120166643070406448e-02
8.657857845228345006e-02
2.254008229351927087e-02
6.109959823356603953e-02
6.914156414247753235e-02
7.447036001201574884e-02
1.898927728721389388e-02
1.731401604698324520e-02
6.200394735100869109e-02
8.820462637951052842e-02
6.580392827181213988e-02
2.066498075432035217e-02
2.209244753666829778e-02
1.813038149557503684e-02
2.498426350195297879e-02
2.532881163425212967e-02
2.339827481435510434e-02
6.332534113528709430e-02
6.106902349504485933e-02
6.283194423202187462e-02
1.109711144780641118e-01
1.042463660273714871e-01
9.173932473769109974e-02
4.539098148855148090e-02
5.173399519100192745e-02
4.002491593285119331e-02
2.288077865391780624e-02
3.658177018624440835e-02
7.238756774797398819e-02
1.958402699707316452e-02
6.263836946654784132e-02
2.378997053010796503e-02
1.816376968105523626e-02
2.020513401533924336e-02
7.814629544683944495e-02
1.766353083536334814e-02
1.131849126548104129e-01
2.160144137444405116e-02
2.641314590146849606e-02
1.507304203704579355e-02
1.820370909116492825e-02
6.647336850876292558e-02
2.189904243544301202e-02
4.451411363945732141e-02
1.920867637493124322e-02
8.459300594437613174e-02
2.769059808076359749e-02
2.358453225387272673e-02
1.975164292204194955e-02
8.556560834216407618e-02
2.596237077145638339e-02
2.014967008484148947e-02
4.112851893846158902e-02
6.813747464358754780e-02
1.932789487671238843e-02
1.001053496209421828e-01
1.872343832661545193e-02
9.193965197555775681e-02
2.577439529882244451e-02
2.061469198433356353e-02
