0.000000000000000000e+00
1.327358617612234802e-02
1.105109962078417406e-02
9.633050922671658467e-03
1.668239599136980486e-02
3.908174602825011633e-03
4.584288694406899768e-03
8.823742599356180008e-03
1.307932853768286122e-02
2.504894162972593277e-02
8.092846212720045465e-03
1.892651474563877140e-02
6.719608672884235488e-03
1.878329866902131787e-02
2.041499142453637519e-02
1.286426595345634312e-02
1.371449652420103464e-02
6.970465431590856277e-03
1.098026471187960561e-02
1.137134980239619571e-02
1.350049184610823717e-02
1.007076209240598090e-02
1.254292210745705689e-02
1.240101786765660831e-02
9.264882125310911279e-03
1.324035009530456254e-02
1.841529089587214812e-02
6.375697863866902106e-03
1.034403558393276641e-02
5.924477961762538575e-03
2.622500375269567335e-02
5.106549612250576783e-03
1.170893809583963344e-02
7.574093490172776125e-03
1.138122071448209854e-03
2.674243432605148945e-03
8.471002485504300003e-03
1.128117706241029208e-02
2.210412884482012078e-02
8.417937676248437792e-03
6.660916959553823784e-03
8.679793080520220583e-03
9.025621838690069815e-03
2.055808724470501933e-03
7.592571482402797611e-03
1.530837621731409755e-02
9.283940011437036288e-03
2.536198298338166943e-02
1.136733829386883839e-02
1.586394351653386270e-02
1.052568289109236631e-02
1.358077995286018774e-02
2.150051490706387028e-02
5.478821615855190667e-03
9.543382363790700249e-03
6.752105794087179258e-03
6.657225352962016507e-03
4.863334470812233357e-03
5.953893341375557195e-03
2.138028547216576369e-02
7.550426420675321673e-03
9.602862642619655609e-03
1.581094417121113593e-02
4.161471069913277865e-02
2.066563918794883051e-03
1.252279414738395255e-02
1.023634886604794618e-02
4.443224706401015765e-03
5.042262455658540025e-03
4.941575732553256904e-03
3.123744780560213600e-03
1.024513006460737487e-02
5.351346867740138305e-03
4.381598282994562249e-02
1.437097049420517705e-02
1.111714233608301385e-02
8.709740773487817736e-03
2.302256605144596679e-02
3.145278152409865160e-03
1.103010257491060173e-02
1.056291280995729637e-02
6.134449317002584057e-03
5.960409342023529136e-03
1.125242476828439489e-02
5.967431710384414958e-03
7.936378346522500807e-03
1.246041393860241979e-02
5.565030529708888188e-03
1.023338043563111607e-03
9.237382591670286261e-03
2.983612386547941295e-03
1.958345207653776343e-03
3.983529325272946141e-03
1.178702189729813332e-02
1.748051664505152064e-02
2.061886706964405000e-02
1.509559385251117540e-02
8.285494099305967114e-03
1.644099636250480681e-02
1.270266603004637299e-02
5.595378368536121569e-03
