0.000000000000000000e+00
5.858664300681436753e-03
6.145393817142152416e-03
9.360270128354532260e-02
8.151571335654168859e-02
7.407523465286547371e-02
6.524564083311407310e-03
5.193377821171361181e-02
4.114086259552086726e-03
3.242943276893563501e-03
9.537430612692137863e-03
7.213543354437378097e-02
6.587054821852687814e-02
9.498598074528097346e-02
4.893224909436655334e-02
1.399021593421504762e-02
8.197443673035431644e-02
7.231580128717396416e-02
1.769474571461864335e-02
6.070398047819351023e-02
4.185448253096200714e-03
7.978869367718851441e-03
8.306819215199846840e-02
2.514150362823438720e-02
4.966904113880982879e-02
8.007350683984802708e-03
1.953071672598717407e-03
1.277362479041598692e-02
4.828922041119973127e-03
1.041565355036676993e-02
1.087095589837093479e-02
9.172190441643028602e-02
2.560900051591419313e-02
5.284882196127927562e-02
4.969795130805297612e-02
1.490233236716800337e-02
7.937651913589381658e-03
7.811945448149103591e-03
6.995558092428738085e-03
7.548917187762212155e-02
4.297109768127527901e-02
8.314524159868096412e-03
7.522586936418019891e-03
9.896405531997304328e-02
7.656850144119916289e-03
4.516229222448774755e-03
6.087880146654020032e-03
6.088269747741438531e-02
4.798405792237891293e-02
5.971623329899142414e-03
1.799759098825233841e-02
1.177194192310519749e-02
7.535380666198465693e-02
4.365055869748676182e-02
7.854366970166916373e-02
8.985180000869526229e-02
8.943824713123253722e-02
8.857589324912271134e-02
1.392696102710549999e-02
2.686823211607743123e-03
6.344551739353058301e-03
1.075961968833967844e-02
1.418594870251284681e-02
3.828285341064438692e-03
1.199564513219695400e-02
2.239309057541000528e-02
3.944699215415721147e-03
4.358737285828399172e-02
1.472400514766096166e-02
5.902324251477638652e-03
9.971001370046662926e-02
5.567730527323317725e-03
1.154875480259686948e-01
7.589680536680125378e-02
5.559557751207899745e-02
1.588881390071862632e-02
9.839572845202143592e-02
1.416388021853133561e-02
8.614750461619476163e-02
7.559323490181821259e-02
4.418795291063414010e-02
6.227013403602067732e-02
7.142699473539597041e-03
5.821370620162640008e-02
1.377304939317950186e-02
1.053200238294962759e-01
3.671540185379503895e-03
7.778346329156429761e-02
3.775089128467445238e-02
2.860122843605904588e-02
8.586863045277491960e-03
7.937250259264803931e-02
9.810773999820346369e-02
4.022763006300052006e-03
3.783271797859941252e-03
8.212518083256234447e-02
2.617527591631262779e-03
3.395584112230187745e-02
4.007790851021739847e-03
5.807391347267773507e-02
6.676782702915280698e-02
