0.000000000000000000e+00
2.377181985336596949e-03
1.732960952821441941e-02
1.654024841619160463e-03
1.501276339635557698e-03
1.382004792582862927e-02
2.402497197974830939e-03
1.868084719826475226e-02
4.439490262125975750e-01
6.256418033347946328e-02
4.070157254407938408e-02
5.945046684036214661e-03
3.786374314098626126e-01
2.896003909345688885e-03
2.231329486144898594e-02
3.004143905901815459e-01
4.093272421766948055e-01
6.082534985639991010e-02
2.914550355113497762e-03
8.402769813589325287e-03
1.698678458938423369e-02
7.364951829625688250e-03
5.493327910077669581e-03
4.805860174017552167e-01
9.364606660436465210e-03
1.058930924190088461e-02
4.539416864756395942e-02
9.505383888443845464e-03
6.280798201142859076e-03
6.537912512130192311e-03
2.228923385085760378e-01
8.094021140066848599e-03
2.527755539608417257e-02
2.189462483042073360e-02
1.754129169334611715e-02
1.126450980276900646e-02
9.482421424482706529e-02
1.636245498480292347e-03
2.485922439928020446e-04
1.572071919248050134e-02
2.286562690124007216e-02
6.082740646955574204e-02
4.048263349357716923e-01
3.327801457958191184e-02
2.220218738806299663e-02
5.787541400535598825e-03
1.862934708879897261e-02
2.744929412431679639e-03
1.582936759970656262e-02
4.742569834151880159e-02
9.837256401427201327e-03
1.149271398608803230e-02
8.466749866751860365e-03
7.280398141648555289e-03
1.112422127456660914e-01
2.578134488629116056e-03
4.591608536077165792e-03
4.037554873330623240e-01
2.723955889079062928e-02
2.699310619480629336e-01
1.054844329055901891e-02
4.126483767105595425e-03
4.762310710651886797e-03
6.008340719557555415e-02
4.171921699698730723e-01
1.355482519185896850e-01
6.202930437318100731e-02
1.275508960152991512e-02
5.537544291360131654e-02
1.095537823967469675e-02
1.110614207560354193e-02
3.827080702865727213e-01
1.914472556609357612e-02
5.171548189140605725e-03
1.427074761593472851e-01
2.333214483512588595e-03
8.230251927953156910e-02
6.894289585568101446e-03
3.472247458939420328e-01
4.101678013446347637e-01
3.771756661640070923e-02
1.299453404888782360e-01
4.813956972458393463e-02
1.216963517349671335e-02
6.880748306982074208e-03
3.537184230112001143e-03
2.339072149012378504e-02
7.783076161467406169e-03
1.017639143521176792e-01
4.493618623326796346e-02
3.671043672293881899e-02
2.292500576708179569e-02
5.331876150677323850e-04
4.842042048444588492e-02
2.412666600757079876e-03
3.426867435236803736e-03
9.821642350510091657e-03
9.835985908604362102e-03
1.875934165546711690e-02
3.768987432340263899e-01
7.932109638212636940e-03
