0.000000000000000000e+00
3.183926427098945737e-03
9.725571351615570556e-04
7.857908970824584172e-04
3.112044798800965052e-03
1.045682292040087677e-03
9.658787946248961406e-04
3.276074368776365695e-03
3.083466058651541941e-03
1.141279744402280520e-03
3.115268727539875597e-03
3.126420376698446722e-03
1.117969582365530489e-03
3.159157172830650943e-03
3.197976108142191326e-03
1.160187789823143977e-03
1.153287103677438615e-03
3.195764192731384481e-03
3.301667771926013878e-03
3.063032965291680610e-03
3.207867183297871769e-03
8.106741139150664506e-04
3.229138207204378542e-03
3.253016618076318926e-03
3.002486437920536596e-03
9.751143971367331282e-04
1.009093913714420501e-03
3.155561318995228973e-03
3.206710091282186873e-03
3.133272975153441383e-03
3.019976960469558224e-03
1.117129780986650910e-03
3.253663138883590347e-03
3.196531705448904873e-03
3.209193108822297469e-03
1.100349436392378212e-03
3.253029704291305127e-03
2.966630985523477110e-03
3.205802627050279973e-03
8.591610283221958215e-04
3.109038055953078708e-03
9.217848014621160026e-04
1.091671090943365473e-03
3.169427836577448643e-03
3.063976101002699633e-03
9.392881135564845651e-04
8.310763080427800145e-04
3.056746179850419656e-03
9.374076812116515596e-04
8.274255447707323362e-04
1.055088354343257460e-03
3.150165898540401282e-03
1.033754688421117214e-03
1.246637672603060579e-03
9.751873197257703539e-04
2.055131657528565855e-03
3.095481643949125981e-03
1.150818775157182432e-03
1.158137434175855480e-03
1.139238127123155852e-03
9.164517459796219173e-04
8.187567238202488745e-04
1.002511160270700774e-03
3.224840872032216921e-03
1.273914872545395434e-03
1.089307323752837986e-03
3.101122739578686480e-03
3.435113404615595858e-03
3.303291654968259616e-03
3.068229559196809092e-03
3.062226886294442275e-03
9.765375627252481042e-04
3.086256510970329311e-03
7.462558410487042356e-04
9.080810669707157926e-04
9.629194676872243576e-04
3.070690907971801095e-03
2.982219620319537419e-03
3.077604023477216542e-03
3.205405852205894107e-03
3.399151094974728598e-03
3.111970389334175937e-03
1.118991300747393088e-03
3.167832047322449978e-03
1.208903809950378138e-03
9.569934749434384769e-04
1.085636727015144984e-03
9.282528015776077453e-04
3.220064202907658470e-03
8.775947100217544854e-04
3.130432273587863135e-03
1.088562264286059350e-03
1.010368341581325061e-03
3.056730299073150917e-03
2.985047833820670283e-03
2.701961563044707332e-03
1.106891731029149362e-03
9.748061226814823139e-04
2.972637072850514012e-03
3.118073732268930240e-03
8.875855497952231084e-04
