0.000000000000000000e+00
4.895833586425101663e-03
2.480627719027400646e-02
1.814566646502812353e-01
4.566121457151525211e-03
9.506570040176407985e-03
8.875173986246537652e-03
3.726583817419612359e-03
9.255278644612919062e-03
2.396986261867244464e-02
9.422431797754175775e-02
7.130553005786748229e-03
4.172611016395668358e-03
1.191045936469205951e-02
8.111526749542994491e-03
8.821706431591795627e-03
2.723301150037522878e-02
7.676340328007112170e-03
1.555364727043239900e-02
1.087785156469161726e-02
1.021302228901686468e-02
3.727410341447530851e-03
4.899347144624723949e-04
6.683944401573573696e-03
1.051590990365181520e-02
3.214006688966977807e-03
1.716787320547876871e-03
2.091192893953357917e-02
1.065538727261570173e-01
1.151683459502178195e-02
9.805025125801518360e-02
1.110311091217438054e-02
2.617357775068429593e-01
9.025998860156748266e-03
1.677535006529796979e-02
1.299600539067766701e-02
2.069877334667896973e-01
2.353241154066504359e-02
3.228935929036265504e-03
8.653336077998220049e-03
5.709850676485913462e-02
7.314896212007255920e-03
9.489558302977142007e-03
1.830517286386341147e-01
8.535020891483269950e-03
8.680580784917731052e-02
8.732960232851591856e-03
1.277328645690295472e-01
1.159653518555462531e-02
1.172219409671520617e-03
8.738678138607920004e-03
1.258838003092621789e-02
4.727543749754333988e-03
7.104892406199318777e-03
2.603653349186199097e-03
1.363084428460701984e-02
1.490442695150269968e-02
5.135003087556817662e-03
5.699031516808437427e-03
1.774963533220652034e-01
9.185306535032288291e-03
8.197279534944236501e-03
8.466871788703995289e-03
1.159853245691122858e-01
8.199766168891663501e-03
8.094536112271694811e-03
4.655402536253443017e-03
1.432838941709838054e-02
5.125148042373480969e-03
8.183668479164372955e-03
5.868215216424745723e-03
7.568682536346288750e-03
3.609069989084702935e-03
8.058911916197465317e-03
5.658975177253208755e-03
6.817479417888915733e-03
2.935550254294975146e-03
1.186288850933749431e-02
1.202687932025633434e-02
1.654137895902162148e-02
4.091411566004724519e-03
2.225320779572503294e-01
1.549776810167049178e-02
2.864592012698335410e-01
6.394540427631780453e-03
1.015106208772398461e-01
2.747386187804737138e-03
1.888408168834795897e-02
1.032679607292182056e-02
9.987721020733959440e-03
3.248530367807604593e-03
1.611430356557378915e-02
4.447598944320728040e-03
7.189199012554658118e-03
1.259455445610694821e-02
6.684601911330985587e-03
7.886011562591355509e-03
6.138965646259643416e-02
3.453919364208996728e-02
4.121634252110139944e-03
7.600196139096637021e-03
