0.000000000000000000e+00
3.657028196855117153e-01
2.968540677761175584e-01
3.713153530737355323e-01
3.748806729559512885e-01
3.153154504018803594e-01
3.487357540457020066e-01
2.975882408828477987e-01
2.786363421579188260e-01
2.758371677181097881e-01
4.068064734688713879e-01
2.843112402675757044e-01
2.937688278248103968e-01
2.894041230710778234e-01
3.426355057253570591e-01
2.820042378925718407e-01
2.970611874322056645e-01
2.909087893768820265e-01
2.874131928463996011e-01
4.131821690466452313e-01
3.514614117344188049e-01
3.757905510563511742e-01
2.976200961800170575e-01
2.797607979731099870e-01
3.659852992610894695e-01
3.819577615608696353e-01
3.639427068772799756e-01
3.014099551691669099e-01
3.635457219738569834e-01
2.943331099362418990e-01
3.009281889094952422e-01
2.973843093586344133e-01
2.620164126835332619e-01
3.794444314923922645e-01
2.793194210950485368e-01
2.810203670972433732e-01
3.367922568124079308e-01
2.957158372573144844e-01
3.545934213308756244e-01
3.807703258460811702e-01
2.916525334484174614e-01
2.961319669500618312e-01
3.103305927846246037e-01
2.867976252817983074e-01
3.810631589738858183e-01
3.659910438011441114e-01
4.131362725098456368e-01
3.531979284776948780e-01
3.471668366304843656e-01
3.352123809856324965e-01
3.045989742968573388e-01
3.798917300320408530e-01
3.501709960145210077e-01
2.745587534483327485e-01
3.806384436857404574e-01
3.053269269185840407e-01
3.166846124010510022e-01
3.141612032013230138e-01
2.908728249891425199e-01
2.735282622231729466e-01
3.827866637736250799e-01
4.102154336696385850e-01
3.003588827176775777e-01
3.397369768985974980e-01
2.686409289773524778e-01
3.934027396933419962e-01
3.383488425306765968e-01
2.593889492525239260e-01
2.698407932886828231e-01
4.057402747555912126e-01
3.911737147901453993e-01
3.468899008344042967e-01
2.951698691275389530e-01
3.714982776551162824e-01
3.796149633084676123e-01
3.757007248484413031e-01
3.640873640447990223e-01
3.335581919979527243e-01
2.823799039498309793e-01
2.932566154912820688e-01
3.309560177900456313e-01
3.344672455611992223e-01
2.924350817460397711e-01
2.855873675100935039e-01
2.982161151970438850e-01
3.855166601470564891e-01
3.781499885593177512e-01
3.070654973636237073e-01
2.686055984410972153e-01
3.585126613398201822e-01
3.783358492761380032e-01
3.041260018692448219e-01
3.489269132156639919e-01
3.765285976989746208e-01
3.509266628176325731e-01
3.726676044978375901e-01
2.905054667525115430e-01
3.392992675784983758e-01
3.991428435661576457e-01
2.777248201682349094e-01
2.845024679544577162e-01
