0.000000000000000000e+00
1.894412842523444593e-02
1.894412842523444593e-02
1.894412842523444593e-02
1.894412842523444593e-02
1.894412842523444593e-02
1.894412842523444593e-02
1.894412842523444593e-02
1.894412842523444593e-02
1.894412842523444593e-02
1.894412842523444593e-02
1.894412842523444593e-02
1.894412842523444593e-02
1.894412842523444593e-02
1.894412842523444593e-02
1.894412842523444593e-02
1.894412842523444593e-02
1.894412842523444593e-02
1.894412842523444593e-02
1.894412842523444593e-02
1.894412842523444593e-02
1.894412842523444593e-02
1.894412842523444593e-02
1.894412842523444593e-02
1.894412842523444593e-02
1.894412842523444593e-02
1.894412842523444593e-02
1.894412842523444593e-02
1.894412842523444593e-02
1.894412842523444593e-02
1.894412842523444593e-02
1.894412842523444593e-02
1.894412842523444593e-02
1.894412842523444593e-02
1.894412842523444593e-02
1.894412842523444593e-02
1.894412842523444593e-02
1.894412842523444593e-02
1.894412842523444593e-02
1.894412842523444593e-02
1.894412842523444593e-02
1.894412842523444593e-02
1.894412842523444593e-02
1.894412842523444593e-02
1.894412842523444593e-02
1.894412842523444593e-02
1.894412842523444593e-02
1.894412842523444593e-02
1.894412842523444593e-02
1.894412842523444593e-02
1.894412842523444593e-02
1.894412842523444593e-02
1.894412842523444593e-02
1.894412842523444593e-02
1.894412842523444593e-02
1.894412842523444593e-02
1.894412842523444593e-02
1.894412842523444593e-02
1.894412842523444593e-02
1.894412842523444593e-02
1.894412842523444593e-02
1.894412842523444593e-02
1.894412842523444593e-02
1.894412842523444593e-02
1.894412842523444593e-02
1.894412842523444593e-02
1.894412842523444593e-02
1.894412842523444593e-02
1.894412842523444593e-02
1.894412842523444593e-02
1.894412842523444593e-02
1.894412842523444593e-02
1.894412842523444593e-02
1.894412842523444593e-02
1.894412842523444593e-02
1.894412842523444593e-02
1.894412842523444593e-02
1.894412842523444593e-02
1.894412842523444593e-02
1.894412842523444593e-02
1.894412842523444593e-02
1.894412842523444593e-02
1.894412842523444593e-02
1.894412842523444593e-02
1.894412842523444593e-02
1.894412842523444593e-02
1.894412842523444593e-02
1.894412842523444593e-02
1.894412842523444593e-02
1.894412842523444593e-02
1.894412842523444593e-02
1.894412842523444593e-02
1.894412842523444593e-02
1.894412842523444593e-02
1.894412842523444593e-02
1.894412842523444593e-02
1.894412842523444593e-02
1.894412842523444593e-02
1.894412842523444593e-02
1.894412842523444593e-02
1.894412842523444593e-02
