0.000000000000000000e+00
4.792804050308039862e-04
4.792804050308039862e-04
4.792804050308039862e-04
4.792804050308039862e-04
4.792804050308039862e-04
4.792804050308039862e-04
4.792804050308039862e-04
4.792804050308039862e-04
4.792804050308039862e-04
4.792804050308039862e-04
4.792804050308039862e-04
4.792804050308039862e-04
4.792804050308039862e-04
4.792804050308039862e-04
4.792804050308039862e-04
4.792804050308039862e-04
4.792804050308039862e-04
4.792804050308039862e-04
4.792804050308039862e-04
4.792804050308039862e-04
4.792804050308039862e-04
4.792804050308039862e-04
4.792804050308039862e-04
4.792804050308039862e-04
4.792804050308039862e-04
4.792804050308039862e-04
4.792804050308039862e-04
4.792804050308039862e-04
4.792804050308039862e-04
4.792804050308039862e-04
4.792804050308039862e-04
4.792804050308039862e-04
4.792804050308039862e-04
4.792804050308039862e-04
4.792804050308039862e-04
4.792804050308039862e-04
4.792804050308039862e-04
4.792804050308039862e-04
4.792804050308039862e-04
4.792804050308039862e-04
4.792804050308039862e-04
4.792804050308039862e-04
4.792804050308039862e-04
4.792804050308039862e-04
4.792804050308039862e-04
4.792804050308039862e-04
4.792804050308039862e-04
4.792804050308039862e-04
4.792804050308039862e-04
4.792804050308039862e-04
4.792804050308039862e-04
4.792804050308039862e-04
4.792804050308039862e-04
4.792804050308039862e-04
4.792804050308039862e-04
4.792804050308039862e-04
4.792804050308039862e-04
4.792804050308039862e-04
4.792804050308039862e-04
4.792804050308039862e-04
4.792804050308039862e-04
4.792804050308039862e-04
4.792804050308039862e-04
4.792804050308039862e-04
4.792804050308039862e-04
4.792804050308039862e-04
4.792804050308039862e-04
4.792804050308039862e-04
4.792804050308039862e-04
4.792804050308039862e-04
4.792804050308039862e-04
4.792804050308039862e-04
4.792804050308039862e-04
4.792804050308039862e-04
4.792804050308039862e-04
4.792804050308039862e-04
4.792804050308039862e-04
4.792804050308039862e-04
4.792804050308039862e-04
4.792804050308039862e-04
4.792804050308039862e-04
4.792804050308039862e-04
4.792804050308039862e-04
4.792804050308039862e-04
4.792804050308039862e-04
4.792804050308039862e-04
4.792804050308039862e-04
4.792804050308039862e-04
4.792804050308039862e-04
4.792804050308039862e-04
4.792804050308039862e-04
4.792804050308039862e-04
4.792804050308039862e-04
4.792804050308039862e-04
4.792804050308039862e-04
4.792804050308039862e-04
4.792804050308039862e-04
4.792804050308039862e-04
4.792804050308039862e-04
4.792804050308039862e-04
