0.000000000000000000e+00
1.562523234177695952e-01
6.251709688331918632e-03
4.066724491324410704e-03
1.604071732467284850e-01
5.552052769211796024e-02
1.062468713593632819e-01
3.253874441189477662e-01
8.674349541474042288e-03
2.992427529862075608e-01
8.631538626284865345e-03
1.433689286485899661e-01
8.809617368531618906e-03
1.558885011952515498e-02
4.365409602948195494e-03
1.212917970852253197e-01
5.312881944537154420e-03
4.786666381595027636e-02
4.277395418536182325e-01
8.528833381040407113e-03
3.939361596839735524e-01
1.001801353043678400e-02
3.821195876871001929e-01
1.119449789126348606e-02
8.982839614313153920e-02
3.352589843996442442e-01
3.656284165046663204e-01
3.111667074943982175e-02
1.751458623657218064e-02
2.217789403976724028e-01
3.206138040365656434e-03
2.043361610686662139e-02
2.024286881372458838e-02
6.821077816098734814e-02
6.825339804542765454e-02
3.956165221101624052e-01
1.838837387492015529e-01
1.764193423116564713e-02
3.394729562576903059e-01
9.443316470198368298e-03
6.530661173555690757e-03
2.602967806091925906e-01
1.964026655922565534e-02
4.830637153005740494e-03
2.736832792861221796e-03
1.141752860654354600e-02
1.639342726851502063e-01
4.296815443277229862e-03
8.389056730100267339e-03
3.981137083929274234e-01
9.913038947821066482e-02
4.642494438535229445e-02
7.245730595739158231e-03
5.188736840846245313e-01
1.821017183121632632e-01
4.231328901933887297e-03
2.443915336453459514e-02
9.032906032968994123e-03
4.168859315352253514e-01
3.687427941633796002e-02
9.995925963888246252e-03
5.305549717379931182e-03
1.706932025943293588e-02
2.008118494788948272e-01
8.327593629861422542e-02
2.073327312416990004e-02
4.611955077487487481e-02
4.650542471364072505e-01
6.034056024196677442e-02
2.898792042722452000e-02
2.623427867305591632e-02
4.472939068044790023e-02
1.180669113526285757e-02
9.695887451301682045e-03
4.125913717907630368e-02
6.970747253901658606e-03
8.714744507825833431e-03
6.411926971681436785e-03
1.723500531446447298e-02
1.556905943882169047e-02
3.292318477999059412e-01
4.037893486805142068e-03
9.200057020837913713e-02
1.638753921878323139e-01
6.855427054827065159e-02
4.848458613012082870e-03
3.719177168501968667e-01
1.091895250990238680e-02
4.147826477929936195e-01
1.237520506699460177e-01
2.492323271624829681e-02
9.172381135781171313e-03
3.406148048429332581e-02
5.725684519214111791e-03
4.060666500038401933e-02
1.311086356956883518e-02
1.140750381680012693e-02
4.816003888522466664e-02
1.444175478969029515e-02
9.625554120997865948e-02
4.203558363971988676e-01
