0.000000000000000000e+00
9.395984915213375998e-06
9.057486874657025378e-06
8.565461384101619478e-06
9.337726247619643143e-06
1.257299413930655876e-05
1.262096515855432799e-05
1.212432534009249867e-05
9.267738164359103179e-06
1.021099871640780078e-05
9.878265383875007308e-06
1.004134296543029084e-05
1.221734698956824136e-05
1.191610501551975913e-05
2.472916338771443987e-05
1.532424235640120444e-05
7.839644290396429013e-06
1.320900860484118964e-05
1.143924303958553063e-05
1.825334367453256099e-05
8.556737189232447728e-06
8.008213682695088911e-06
1.641533696434775618e-05
7.627792279035217613e-06
3.918641447669198881e-05
1.253341419803019861e-05
1.404818520537698645e-05
1.130363571485458110e-05
4.363512072491434351e-05
1.156454735659536954e-05
1.486571034723223884e-05
8.466687325097578459e-06
9.367940477486331482e-06
8.808832946096788045e-06
7.849281331435012938e-06
8.506176524916991035e-06
2.875288855590162900e-05
1.014414625816801987e-05
1.088082869601780716e-05
1.086690134351016666e-05
9.933735281818156581e-06
6.701951809805958996e-06
9.286741003879269473e-06
1.354624717773300572e-05
7.006983289382599535e-06
6.568873703418926313e-06
8.157434134260785745e-06
1.078849762150043032e-05
2.319889914164846904e-05
4.124072091520338646e-05
1.694058406385396290e-05
7.715670537779486138e-06
1.244264916807891017e-05
8.816042181352806560e-06
8.019261535309402865e-06
7.749274373729956656e-06
8.688505690707008244e-06
1.234369734648882566e-05
9.310523315446514293e-06
9.326206753558211651e-06
7.688261750050423123e-06
7.633559983654164666e-06
1.134801486043892965e-05
3.649700997506089744e-05
1.074141836391745780e-05
2.244094653590606995e-05
1.353183092817232392e-05
2.246918854771408775e-05
7.168636240529257976e-06
2.671690819931188743e-05
1.700132326441530605e-05
2.370724957752800853e-05
8.100565957510147682e-06
7.023753947157484081e-06
9.915806757977628326e-06
9.928746391757191288e-06
2.064230876657273780e-05
1.090757828343303169e-05
1.540134983782829624e-05
7.293615699906229772e-06
1.138565662526308059e-05
9.386521555300219170e-06
1.387848008061139170e-05
8.152043159114295671e-06
1.232895148791533252e-05
1.178620350421604075e-05
1.691242325555184306e-05
1.268554134793366503e-05
7.618026620380498375e-06
1.968557064940813412e-05
7.056949173675261980e-06
1.122331085172855956e-05
1.026908085011020095e-05
1.098701292839754591e-05
7.815772113140734254e-06
1.158885301156056135e-05
1.467723034646103032e-05
8.398602246350676126e-06
1.619392216613094136e-05
1.334040512823120714e-05
8.530692270266991171e-06
