0.000000000000000000e+00
6.887596425267785705e-01
6.460704542672202066e-01
6.866711542280465874e-01
6.836324283876750174e-01
6.511476166185444781e-01
6.798126163808565492e-01
6.591703995952414852e-01
6.103615616557227508e-01
6.207023850707029666e-01
6.784521270178220931e-01
6.167687915571289370e-01
6.606430698711065475e-01
6.389176811403313172e-01
6.596478156900866807e-01
6.308765162762194345e-01
6.210441581175396575e-01
6.431614421373319512e-01
6.286166811946527488e-01
6.688566000021535229e-01
6.852519996936485835e-01
6.936025790842920147e-01
6.349627885853106335e-01
6.264629691129428579e-01
7.025792029115485171e-01
6.789820244073878630e-01
6.689217759451049350e-01
6.358745815465419726e-01
6.805921389571281122e-01
6.607150935625570876e-01
6.445703747903244185e-01
6.545370038056846917e-01
6.325200079995653146e-01
6.960237326274600900e-01
6.529883284935139587e-01
6.480569857320984672e-01
6.748700036997469232e-01
6.460020858583176429e-01
6.770908768886148010e-01
6.952668157859224207e-01
6.702243167078513197e-01
6.642736209231457911e-01
6.576167527511638244e-01
6.491968428478318565e-01
6.875496471425304179e-01
6.836691055004378015e-01
6.886229284861598021e-01
6.874168467139920580e-01
6.781717198839033456e-01
6.709839878340850827e-01
6.592267055348921545e-01
6.855736433280270603e-01
6.929638757361640256e-01
6.476639341860227495e-01
6.954685760987002752e-01
6.418384535327805729e-01
6.431756423592265293e-01
6.301469207870152855e-01
6.497296308428297529e-01
6.052587922292100853e-01
6.916911332844433158e-01
6.855048086965787046e-01
6.396015576550433401e-01
6.737038444726881625e-01
6.224983990480628115e-01
6.973930248317375957e-01
6.918232539727133812e-01
6.370102275311153583e-01
6.306866533844144307e-01
6.867081214098990083e-01
6.801394959246482852e-01
6.697336878741729782e-01
6.475320634216787941e-01
6.742553725036611878e-01
6.923745971540220534e-01
6.853441818317990153e-01
6.902862253900953204e-01
6.362899456085980843e-01
6.293383702814518976e-01
6.598646483722155898e-01
6.871699658244877496e-01
6.878773227210512875e-01
6.271579421525841358e-01
6.373391523303297834e-01
6.511635618608175857e-01
6.851508767485656737e-01
6.648403575264300036e-01
6.683151677858794049e-01
6.494015256137304348e-01
7.010995178424946905e-01
6.829762779835099051e-01
6.762700207049892054e-01
6.730935124573467210e-01
6.908294488956858714e-01
6.646422057829098895e-01
6.810726257400430139e-01
6.258455208622863974e-01
6.873508494619879894e-01
6.935017959945248833e-01
6.496040362347154096e-01
6.273841041898092774e-01
