0.000000000000000000e+00
8.815224785128658244e-03
2.422360744239988178e-02
9.955907238640085075e-03
8.078423600510488065e-03
6.155491183090770757e-03
8.568268574691556907e-03
2.138234966793196509e-02
2.547235881636191954e-02
1.743081110365140435e-02
8.026313313459598753e-03
1.035684417169239688e-02
1.145408198154733957e-02
5.883962088088404152e-02
8.149080398057036503e-03
1.654384640968660503e-02
1.326856624902213351e-02
9.846218012531564659e-03
9.780787758743709343e-03
1.162227690483725109e-02
1.223584452887942729e-02
4.795049532305627887e-02
7.414689368770066916e-03
2.610959369245669653e-02
7.771621379015583066e-03
7.731143594784421584e-03
5.821880042767078704e-03
1.704882684440602383e-02
1.200843194766039457e-02
2.613064302560682076e-02
2.053759850804736525e-02
4.928150982273494379e-02
2.869542457273646652e-02
6.094159029310737032e-03
2.720260026346967355e-02
1.828453858081675876e-02
1.931737995925431051e-02
3.369593308596214448e-02
5.330726938672424552e-03
4.303812445280331966e-02
1.372017839284195816e-02
7.585884599348131224e-03
1.399489820038565292e-02
3.670147019234352992e-02
1.442126832749722823e-02
6.776449120716677467e-03
7.147184892294948001e-03
1.525290121012399386e-02
3.295369798988429660e-02
2.014857647170089847e-02
1.761550092591055577e-02
5.180589011286208280e-03
6.339795704837493384e-02
9.457235805619964436e-03
7.344131618513565288e-03
7.022451077038795175e-02
1.086978152535435574e-02
1.213542729515086106e-02
5.497604255046321942e-02
2.852280910851269502e-02
2.932266212974801028e-02
8.160176334603464615e-03
6.258534052432147832e-02
8.137103486456217019e-03
3.492686855767803550e-02
7.170934155300256498e-03
1.763366052209955001e-02
2.367627244371424411e-02
7.462995502984414581e-03
4.333898697542323819e-02
3.990788943753844492e-02
6.229771237898883152e-03
6.505985051820679932e-02
7.442025719743379161e-03
6.328487191362475173e-03
1.670518376965086926e-02
4.306910930675758586e-02
6.226768004609161723e-03
1.448331677400439138e-02
1.112885927474839207e-02
2.068320440198903598e-02
2.314708778886129595e-02
1.488816849916996775e-02
8.289936221283218665e-03
2.908617844243054432e-02
1.522068751341113663e-02
6.806386031148315037e-03
1.674120208937397020e-02
3.562087040543390065e-02
5.423558052986256206e-03
9.861616753203544805e-03
1.415009855252794164e-02
3.633562040690870715e-02
8.250386259164676009e-03
1.041423820250594011e-02
1.980565419074145628e-02
6.016887920089802888e-02
9.830141182262906729e-03
1.248227926548948520e-02
2.911551348712872883e-02
6.584643457627809178e-03
