0.000000000000000000e+00
2.085640863678885938e-03
2.085640863678885938e-03
2.085640863678885938e-03
2.085640863678885938e-03
2.085640863678885938e-03
2.085640863678885938e-03
2.085640863678885938e-03
2.085640863678885938e-03
2.085640863678885938e-03
2.085640863678885938e-03
2.085640863678885938e-03
2.085640863678885938e-03
2.085640863678885938e-03
2.085640863678885938e-03
2.085640863678885938e-03
2.085640863678885938e-03
2.085640863678885938e-03
2.085640863678885938e-03
2.085640863678885938e-03
2.085640863678885938e-03
2.085640863678885938e-03
2.085640863678885938e-03
2.085640863678885938e-03
2.085640863678885938e-03
2.085640863678885938e-03
2.085640863678885938e-03
2.085640863678885938e-03
2.085640863678885938e-03
2.085640863678885938e-03
2.085640863678885938e-03
2.085640863678885938e-03
2.085640863678885938e-03
2.085640863678885938e-03
2.085640863678885938e-03
2.085640863678885938e-03
2.085640863678885938e-03
2.085640863678885938e-03
2.085640863678885938e-03
2.085640863678885938e-03
2.085640863678885938e-03
2.085640863678885938e-03
2.085640863678885938e-03
2.085640863678885938e-03
2.085640863678885938e-03
2.085640863678885938e-03
2.085640863678885938e-03
2.085640863678885938e-03
2.085640863678885938e-03
2.085640863678885938e-03
2.085640863678885938e-03
2.085640863678885938e-03
2.085640863678885938e-03
2.085640863678885938e-03
2.085640863678885938e-03
2.085640863678885938e-03
2.085640863678885938e-03
2.085640863678885938e-03
2.085640863678885938e-03
2.085640863678885938e-03
2.085640863678885938e-03
2.085640863678885938e-03
2.085640863678885938e-03
2.085640863678885938e-03
2.085640863678885938e-03
2.085640863678885938e-03
2.085640863678885938e-03
2.085640863678885938e-03
2.085640863678885938e-03
2.085640863678885938e-03
2.085640863678885938e-03
2.085640863678885938e-03
2.085640863678885938e-03
2.085640863678885938e-03
2.085640863678885938e-03
2.085640863678885938e-03
2.085640863678885938e-03
2.085640863678885938e-03
2.085640863678885938e-03
2.085640863678885938e-03
2.085640863678885938e-03
2.085640863678885938e-03
2.085640863678885938e-03
2.085640863678885938e-03
2.085640863678885938e-03
2.085640863678885938e-03
2.085640863678885938e-03
2.085640863678885938e-03
2.085640863678885938e-03
2.085640863678885938e-03
2.085640863678885938e-03
2.085640863678885938e-03
2.085640863678885938e-03
2.085640863678885938e-03
2.085640863678885938e-03
2.085640863678885938e-03
2.085640863678885938e-03
2.085640863678885938e-03
2.085640863678885938e-03
2.085640863678885938e-03
2.085640863678885938e-03
