0.000000000000000000e+00
2.661973325844584071e-02
2.891947690321337514e-02
1.371977778307278094e-02
1.016908539329501593e-02
2.167299665498314057e-02
3.579670311115549369e-02
1.284428224913340168e-02
4.170825617939772495e-02
2.564897510845334100e-02
3.165251938161342538e-02
1.795542586988011294e-02
2.287742703286956003e-02
1.795888973117596224e-02
1.197359488612135224e-02
5.032913278900982140e-02
1.817509763660546049e-02
2.529491342099307594e-02
3.454401448902300747e-02
1.235246966334536609e-02
1.809294284853311605e-02
3.293497641662046505e-02
1.985033217556969945e-02
1.312975584345263229e-02
1.148909487726669509e-02
1.423123595640558153e-02
6.604702397180874096e-02
3.502523410814479404e-02
1.986855112353664438e-02
4.161372692734666839e-02
3.167528725263590167e-02
3.423089432586635950e-02
1.541032641340538828e-02
1.499611705833893069e-02
1.402479857943023100e-02
1.489916672145829429e-02
3.715689466073152092e-02
4.188375932662271456e-02
3.108520324281460745e-02
9.114610528709208778e-03
1.626454310754385860e-02
2.909062722791948274e-02
3.924574222889170433e-02
1.146821487821029703e-02
1.914755443105654181e-02
2.385481023557157673e-02
2.678852364795698479e-02
1.245162801573512779e-02
7.555730924937635248e-03
2.338897589172708041e-02
3.039397173393411714e-02
1.531877961874867668e-02
9.922895824775375753e-03
1.460671966097570017e-02
1.685612299085444479e-02
2.851484019444314177e-02
2.196553215922372390e-02
1.633286709857456956e-02
3.528216171851716182e-02
6.207214117520068464e-02
3.392759652436229401e-02
4.192894230739729194e-02
2.836761548027346910e-02
2.216053486459226840e-02
3.827891060065714834e-02
1.170003097672230909e-02
2.626869092874199382e-02
1.528063751525056413e-02
4.135945095395855003e-02
4.114039997309949792e-02
7.799597954650965177e-03
2.150827998758202478e-02
2.268456700599083553e-02
8.858991024961525990e-03
1.573789874289114113e-02
1.707106643974205112e-02
1.397247851461976519e-02
4.778299850849073577e-02
2.242731774693708033e-02
2.390661198372762489e-02
1.388209489547377606e-02
1.134485746830975021e-02
2.403623851181592441e-02
1.545118028796857446e-02
5.998203397847629709e-02
1.107212717087530801e-02
5.013965516702905550e-02
4.336602413412133511e-02
1.653553471198360159e-02
1.313313046086536477e-02
3.478617409983739833e-02
1.769502925090569306e-02
9.066805794206697633e-03
2.096599807718540001e-02
1.635464169123800743e-02
7.631494401547866090e-03
7.587456750159649044e-02
3.441471934590584203e-02
2.367981482695436651e-02
1.674201479437621362e-02
1.850384251684114231e-02
