0.000000000000000000e+00
3.890543490156362556e-06
9.041822187252490035e-06
3.608856469449411793e-06
4.746650385713381025e-06
1.299684866786170002e-06
1.717000984742719574e-06
4.480264996360730774e-06
1.418468823548762511e-06
9.999999974752429196e-07
8.335433261305410553e-06
3.415668177666348200e-05
9.999999974752429196e-07
2.192854545334006235e-06
4.075756260421163576e-06
9.999999974752429196e-07
9.999999974752429196e-07
4.491915989041800666e-06
5.580763239207679088e-05
1.486644285734139960e-05
1.901007898673024797e-06
1.769244729857238511e-06
1.450624500948899532e-06
3.531181581065771091e-05
2.099715627494524038e-05
2.563427760756900383e-06
1.327980673937410215e-06
2.540940506962551673e-05
4.055898109052800028e-06
1.143359049377797586e-06
1.049391920601330267e-06
9.999999974752429196e-07
1.552485735701616860e-06
1.585000331582459688e-05
1.924327589083892732e-05
1.271425307721303420e-06
2.391096949567469419e-06
1.819890431358463762e-06
1.420732167592051758e-05
1.360498050567635590e-06
2.005215483306345463e-05
6.801403303929719907e-06
9.999999974752429196e-07
2.170791669279496935e-06
1.107892386953377222e-06
1.240208473822935633e-06
1.405015787174986718e-06
7.297649817759777536e-06
2.632672546077666515e-06
2.099261092849587703e-05
9.999999974752429196e-07
2.385858524439622675e-05
1.624890528280645782e-06
9.999999974752429196e-07
9.999999974752429196e-07
9.999999974752429196e-07
1.906103371142394773e-05
9.999999974752429196e-07
1.125122146423643643e-06
1.546365742837221508e-06
1.550710165064257782e-06
1.427485032343051319e-06
9.999999974752429196e-07
5.229263677572268495e-06
1.285473167802101220e-06
9.999999974752429196e-07
2.441644548515382145e-06
3.251633729544549205e-05
1.685800945320875729e-06
3.636673369903717780e-06
7.086985818041036296e-06
2.954659249478864721e-06
1.998316398883520559e-06
1.581927450456303396e-05
1.238975614219492884e-06
1.264675857814015946e-06
2.446391919307921044e-06
9.999999974752429196e-07
1.956587023762296359e-05
3.405195868630165945e-05
1.279635518990907130e-05
2.020037552628837249e-06
9.999999974752429196e-07
9.999999974752429196e-07
9.999999974752429196e-07
9.999999974752429196e-07
1.083765190495640526e-06
2.702226431942797471e-05
1.320782853561409068e-06
2.928457340016100405e-05
8.017047678305424000e-06
9.999999974752429196e-07
1.985601576163089304e-06
1.293219106733610895e-05
1.407446510528379165e-06
1.093362512949579571e-06
9.999999974752429196e-07
9.001016407943475905e-06
1.014043996755320756e-06
1.721236961090353494e-06
2.998626733252552213e-05
