0.000000000000000000e+00
1.226977528966125865e-03
8.703471320884222789e-03
2.719085508071892058e-04
2.861820395333850020e-03
1.570292954558887011e-02
2.213328635527838609e-04
1.077094307107322657e-03
9.258295915791744024e-05
3.282950543221084503e-06
2.830568561901613232e-03
2.729171500280726421e-03
2.078774627744815591e-05
2.820510770417906151e-03
5.349361836526036335e-03
3.097085894133363125e-03
2.841799679817028079e-03
1.606727378315245258e-02
3.237521177775522642e-04
1.769485915227344761e-02
2.083720643669810437e-03
8.052116193516695728e-04
7.689099874712962673e-05
7.359476594942566561e-04
8.315596837412947276e-05
1.074621701235062635e-03
3.150242558626015709e-04
5.127493427903946979e-03
2.400949525368133858e-03
6.426068313855165222e-05
7.006519204515805664e-05
6.295064254566825257e-04
1.124763920427245684e-02
2.503906390709210398e-03
1.524028337209870979e-02
4.374003025128757154e-03
9.953695097715885114e-04
2.423797789223315331e-04
3.934066097461988518e-04
1.369279177292175237e-03
5.637928800126576490e-03
2.790785640112754956e-03
1.620488115115859776e-03
5.351464162757285301e-04
3.595319773035696252e-03
5.797777839686332237e-03
2.313303191976547567e-03
6.169454206145705537e-04
2.386602954496357641e-03
2.031694319939976109e-03
3.216800232633923104e-03
3.612054935099511671e-03
7.803371191640712224e-05
6.541787735597284770e-04
7.396107375287183563e-04
4.914292976255783471e-03
4.746318672494298334e-03
5.607603113733624148e-04
1.331796812126571179e-03
8.878273084186673368e-04
1.230030876862543872e-02
1.012604162138783584e-02
4.064351673672744660e-04
1.189475182412687770e-03
1.524950971612714073e-03
1.372180769504637368e-02
3.388449838846819238e-03
1.110459010657617495e-06
9.630635428238972298e-03
5.259758951311304699e-03
4.947047384828439395e-05
3.900751729547726528e-03
2.725175777518932155e-05
2.431497434696401616e-03
3.112554579725299898e-04
1.382493125811764265e-03
2.258031193774461508e-03
4.444533635209501829e-03
3.228074390446753590e-05
1.003056079584185707e-06
1.944340622101738527e-03
7.936181005617971200e-04
2.175112021793859293e-05
4.697577270093544408e-03
2.788495029188684665e-03
3.998056960684291444e-05
6.350840984431560315e-04
7.334451712153170660e-06
1.137856003919784295e-06
3.856407672769328592e-03
3.827605053020125166e-03
2.494608306701995119e-03
5.952382840709187880e-05
3.850536015194400532e-04
1.467394636586428846e-05
2.793962679238069097e-03
4.449224701862381469e-03
4.389663141364598224e-03
6.969886698389160258e-05
1.060839999057528626e-04
1.028984255135204562e-03
