0.000000000000000000e+00
8.889600033495646467e-03
8.889600033495646467e-03
8.889600033495646467e-03
8.889600033495646467e-03
8.889600033495646467e-03
8.889600033495646467e-03
8.889600033495646467e-03
8.889600033495646467e-03
8.889600033495646467e-03
8.889600033495646467e-03
8.889600033495646467e-03
8.889600033495646467e-03
8.889600033495646467e-03
8.889600033495646467e-03
8.889600033495646467e-03
8.889600033495646467e-03
8.889600033495646467e-03
8.889600033495646467e-03
8.889600033495646467e-03
8.889600033495646467e-03
8.889600033495646467e-03
8.889600033495646467e-03
8.889600033495646467e-03
8.889600033495646467e-03
8.889600033495646467e-03
8.889600033495646467e-03
8.889600033495646467e-03
8.889600033495646467e-03
8.889600033495646467e-03
8.889600033495646467e-03
8.889600033495646467e-03
8.889600033495646467e-03
8.889600033495646467e-03
8.889600033495646467e-03
8.889600033495646467e-03
8.889600033495646467e-03
8.889600033495646467e-03
8.889600033495646467e-03
8.889600033495646467e-03
8.889600033495646467e-03
8.889600033495646467e-03
8.889600033495646467e-03
8.889600033495646467e-03
8.889600033495646467e-03
8.889600033495646467e-03
8.889600033495646467e-03
8.889600033495646467e-03
8.889600033495646467e-03
8.889600033495646467e-03
8.889600033495646467e-03
8.889600033495646467e-03
8.889600033495646467e-03
8.889600033495646467e-03
8.889600033495646467e-03
8.889600033495646467e-03
8.889600033495646467e-03
8.889600033495646467e-03
8.889600033495646467e-03
8.889600033495646467e-03
8.889600033495646467e-03
8.889600033495646467e-03
8.889600033495646467e-03
8.889600033495646467e-03
8.889600033495646467e-03
8.889600033495646467e-03
8.889600033495646467e-03
8.889600033495646467e-03
8.889600033495646467e-03
8.889600033495646467e-03
8.889600033495646467e-03
8.889600033495646467e-03
8.889600033495646467e-03
8.889600033495646467e-03
8.889600033495646467e-03
8.889600033495646467e-03
8.889600033495646467e-03
8.889600033495646467e-03
8.889600033495646467e-03
8.889600033495646467e-03
8.889600033495646467e-03
8.889600033495646467e-03
8.889600033495646467e-03
8.889600033495646467e-03
8.889600033495646467e-03
8.889600033495646467e-03
8.889600033495646467e-03
8.889600033495646467e-03
8.889600033495646467e-03
8.889600033495646467e-03
8.889600033495646467e-03
8.889600033495646467e-03
8.889600033495646467e-03
8.889600033495646467e-03
8.889600033495646467e-03
8.889600033495646467e-03
8.889600033495646467e-03
8.889600033495646467e-03
8.889600033495646467e-03
8.889600033495646467e-03
8.889600033495646467e-03
