0.000000000000000000e+00
7.336196049378513825e-05
2.994992471367304934e-05
4.722982762083995870e-04
5.162422268456434335e-05
3.351687232836805748e-05
6.017754167000799090e-05
2.732490889368168605e-05
2.144504577181850381e-05
3.988270094851992557e-05
1.001003655207913354e-04
3.067020141160182285e-05
3.507987677283142826e-05
3.045411722970608928e-05
3.894432426060996568e-05
3.840436074101316550e-05
2.524952061681912709e-05
2.814910659545815237e-05
4.528713976712902471e-05
6.299994000964210378e-05
5.380827224087507150e-04
7.288420492384161049e-05
3.892763693426030014e-05
3.499158301737917030e-05
9.149124139804597059e-05
4.702451685343690994e-05
9.759474423677709260e-05
2.705065503909557677e-05
5.831082446243939578e-05
3.217019107345818810e-05
2.571942144801071207e-05
2.802066705655503867e-05
2.571522224052716967e-05
9.650354540021013677e-05
3.696518908243580072e-05
4.296455774024912410e-05
1.172650400650643944e-04
2.556317847946463554e-05
6.829063250129143922e-05
5.009567643385592342e-05
3.000246492819588583e-05
4.937822299786650415e-05
3.919299674184766882e-05
2.806334313258803618e-05
7.177248701465775824e-05
5.472923660953237651e-04
7.980473274365714256e-05
9.785491186926349022e-05
9.992100152213538502e-05
6.066903380796590558e-05
3.653779230766176605e-05
8.060542512407024276e-05
5.203297197657446574e-04
4.323167931879745563e-05
4.941771022361357444e-05
2.600919586335168201e-05
3.363208152061808177e-05
3.235958780638694516e-05
2.930640755579898488e-05
2.266093386651324689e-05
5.821617929936418736e-05
5.757217648352049613e-05
4.189509535657562692e-05
5.836488787620102006e-05
4.198436572903239332e-04
5.753016399047794060e-04
8.726767531088834877e-05
2.513745515397221736e-05
9.250098857040531697e-05
3.570896280728580002e-05
4.952483495003959083e-05
8.304264816749737182e-05
2.464365451195252741e-05
8.438643625833590854e-05
6.303647062403607731e-05
3.533714733887332443e-05
1.278097570474573245e-04
2.559241710121572326e-05
3.300340404453849748e-05
2.420057218129832225e-05
1.168468161234645570e-04
9.270691001221768358e-05
2.980110770971824150e-05
7.454906158745363935e-04
2.468502327001631375e-05
6.147931362393311032e-04
4.509056136776072457e-05
2.508498392546724411e-05
3.600473985775078486e-05
8.383339328450497392e-05
7.832261929519010782e-05
2.931808173344960450e-05
1.265541099642292049e-04
5.669161906633385020e-05
1.093864855485603827e-04
6.977218663302759056e-05
2.498705089514796933e-05
6.852474466781788406e-05
6.882667191901487458e-05
2.179688754720384894e-05
3.748015447803103458e-05
