0.000000000000000000e+00
1.186925210761607843e-05
3.887772754938888928e-06
2.727440456767369217e-06
1.082725200642874377e-05
2.987800319469839010e-06
3.504943481654217509e-06
5.106548327508178068e-06
3.247737395882001925e-06
3.676980132134881570e-06
2.467302955431218859e-06
3.399130205917000384e-06
3.567447575281439644e-06
3.794307373981759672e-06
3.314673664936481292e-06
3.586235583451621108e-06
8.024522003819333573e-06
3.372013555514891220e-06
1.199136137769281625e-05
3.176934666867155266e-06
1.489132334482720478e-05
3.367951704182176372e-06
4.643769269359791352e-06
4.188538877213188981e-06
7.437914872541166095e-06
2.762743480054305145e-05
2.090962594546030235e-05
3.706744550577956466e-06
3.488717811015588445e-06
2.835728724063825864e-06
1.979045648543897662e-06
3.611872142502483711e-06
3.801822827021379188e-06
9.009801042638733020e-06
3.730695600866451438e-06
4.184626561804116993e-06
2.490578526987117199e-05
2.426425597510033867e-06
1.985294681829692773e-05
3.290123841902452235e-06
2.875156598494689177e-06
1.157938356836032035e-05
3.713150919225663366e-06
3.712822197390491293e-06
2.308432636239130542e-06
2.536718201471606828e-06
1.058598019357925491e-05
3.130884335353641243e-05
5.482819231546250098e-06
2.429687512624363296e-05
3.073213290098916294e-06
2.862100484964529276e-06
1.176028488716747175e-05
1.757226354032067711e-05
2.981336384283561219e-06
3.079766486840913465e-06
2.906741952586203320e-06
3.387046788563014998e-06
4.362610075947959227e-06
4.662528318979908126e-06
3.513292768506118192e-06
6.667496039820139478e-06
3.076965010688220895e-06
1.290903333904433064e-05
4.007385319647504761e-06
6.926476816055583419e-06
4.032116116523930876e-06
1.693703659347019802e-05
5.679528269322898820e-05
2.332465316792072026e-06
2.583110285120193368e-06
1.519796473747223304e-05
3.224414306662401373e-06
6.908397690066832601e-05
3.157859444537584842e-06
3.221564628092769387e-06
2.795833875644759934e-06
1.965115374568871680e-06
2.972508324254347518e-06
3.616666021799129758e-06
5.994528159441664459e-05
3.068310485126140295e-06
3.319337124475655712e-06
3.348312574177529070e-06
3.987162830165342286e-06
2.293643083861280521e-06
2.142972089383748125e-05
3.151160735745305112e-06
3.467633662097471871e-06
1.170714605797895896e-05
2.499380321225657443e-06
3.804579908356790106e-06
7.210009452772689104e-05
2.079767259965119403e-06
3.012383066921751772e-06
2.821319493977334859e-06
3.518682080563669173e-06
2.631845626871719959e-05
2.141518353039905558e-06
3.341482265873678107e-06
1.949794833213475755e-05
