0.000000000000000000e+00
1.153560728818955613e-06
9.999999974752429196e-07
2.562966765850576402e-06
1.492637170424931207e-05
1.585767606750060528e-06
3.789426016332018022e-03
9.999999974752429196e-07
3.409006063744425660e-04
1.151662824593572688e-06
3.177606281360790818e-06
5.770247186499925728e-06
1.125884094751603034e-06
1.878452940286590276e-06
1.570921624023048944e-05
1.628758745661408570e-06
2.245844904463717081e-06
1.812218481212644875e-06
2.028887563162734569e-06
3.533767487456074575e-06
6.955072336415389337e-06
1.894845571310615822e-03
3.438608434654136150e-03
9.999999974752429196e-07
3.080602629385805619e-03
1.659481033684731413e-03
5.052047458813935243e-03
8.745627316433821974e-05
4.380629248166680923e-05
4.154207650897544465e-06
5.464097623845131648e-06
5.412046537813605385e-06
2.011105609945127006e-06
3.892261949160292296e-04
3.133312666094416777e-06
1.603225383895246087e-06
3.026881055903844901e-06
4.183063192465116077e-06
2.281975384299894747e-03
1.062684503188173575e-03
2.610577939505015611e-06
6.310371169713977467e-05
9.999999974752429196e-07
4.027512992955700172e-06
1.989291167707334760e-06
1.289629431606412104e-04
1.551207503106554495e-06
3.719306822995575683e-03
4.531056450867560694e-06
2.878165927574396327e-06
2.801072646734121489e-03
1.058048956538956899e-06
2.721541638320755035e-06
1.030685566471111132e-06
7.814421400000945558e-04
5.369783463801482045e-05
1.597617707966726248e-06
1.575589711100781627e-03
1.057733262588287262e-06
9.999999974752429196e-07
2.046209625276016516e-03
3.698414257340615959e-04
1.483886230863313725e-03
1.547441149445616705e-06
9.999999974752429196e-07
1.431022295489934258e-06
6.269815132300715258e-06
9.999999974752429196e-07
9.999999974752429196e-07
8.974605522041799140e-05
4.188773469849401917e-06
1.176943346824431161e-06
4.198495688352051606e-06
7.396095777342175754e-04
2.244148046196086268e-06
7.592772685554103739e-04
6.423206313415699958e-04
2.658888663963065160e-06
1.581093731418732021e-06
4.777086574564177488e-06
9.999999974752429196e-07
1.449989846348392463e-03
7.093346265205533688e-04
5.481751592405506355e-06
2.378543422359271924e-06
7.828221479132673689e-06
6.087308000991734731e-04
1.765325089286866679e-06
9.999999974752429196e-07
3.814102521746976942e-06
1.636705267971102573e-04
1.186274626852247328e-06
1.918681395164460171e-03
1.824635204355865519e-06
5.827678430309432382e-03
1.187203670571494556e-03
6.661741968967478366e-06
2.040307805387735700e-06
3.060871504276951995e-06
9.999999974752429196e-07
1.335792259098842404e-04
