0.000000000000000000e+00
5.322884053789272291e-02
2.871132599358661858e-02
1.276040471225127482e-01
9.393614764237803727e-02
5.066245555820715618e-02
8.306454422411191363e-02
3.479884514370810977e-02
1.169491084179720940e-02
1.253229809464815638e-02
1.002571894112878614e-01
5.517267343050974437e-02
8.749059326538551062e-02
3.952436533285522829e-02
1.790131865867127664e-02
9.525243355903442732e-02
1.025191366016338923e-01
1.367890132090671118e-01
1.155367265633405055e-01
8.940141886902537582e-02
2.396549847533681332e-02
7.905969710511043247e-02
1.565481159479839013e-01
2.808179673875619425e-02
5.220112810643940532e-02
6.755991413974514470e-02
7.761162101366870028e-03
8.122584833826761164e-02
2.720522834501227019e-02
5.158430572951184373e-02
5.063171721042476758e-02
1.121741042965369306e-01
2.876779215159185749e-02
1.030250205973217564e-01
3.694042550746399339e-02
5.196428185447029419e-02
8.839382819057867158e-02
3.078463844663681739e-02
7.932648523521682038e-02
4.952523533135949618e-02
3.179003725735408958e-02
3.286263286589369975e-02
3.412882620119028765e-02
5.459918953478629794e-02
5.263620431666670568e-02
2.353133815657581715e-02
4.698479991841439385e-02
1.190309833529923783e-01
2.137678364665256819e-02
5.296061340768264125e-02
1.022411434872059766e-01
6.269944407916383522e-02
2.533165179507073858e-02
5.015325531290912298e-02
1.186338589164484952e-01
1.203016678966576519e-01
1.513759040439862369e-01
1.319649998214371123e-01
8.726600359872674351e-02
6.186743850924630861e-03
6.781347470535521726e-02
1.071051245723493306e-01
4.292428598931579548e-02
1.444184237351813296e-02
8.548555156868467564e-02
3.081228729436564021e-02
3.127894650096946921e-02
5.520982411046549548e-02
8.719260690268264280e-02
6.174312859358822847e-02
8.802269562180375928e-02
3.518578082598383672e-02
8.933594093784280599e-02
2.665756937839980703e-02
8.292436259008466315e-02
1.094514763809893293e-01
1.250874181637587623e-01
8.234739776770047537e-02
1.111779172670972066e-01
7.881212712708914048e-02
5.754860240915879444e-02
1.321378814151665526e-01
2.735115930978634230e-02
1.110494365983375475e-01
8.615376343694786110e-02
1.370360797769742400e-01
1.550558895278099716e-02
5.189769523092572362e-02
7.852769408172556587e-02
4.848317227357470949e-02
9.223423948331969935e-02
5.950079332337210314e-02
1.155563718316938299e-01
2.234471280132131407e-02
1.704761665921032676e-02
4.228541427983323331e-02
3.040607725913115067e-03
7.871219965299793009e-02
2.300774953825926103e-02
8.702798071935594071e-02
9.565069715927695948e-02
