0.000000000000000000e+00
1.886676677294157056e-01
2.178516994427340536e-01
3.505312124311273370e-01
1.915259157397401768e-01
2.325520492730012434e-01
3.477486856521670444e-01
2.776742500600380414e-01
3.522676723983539371e-01
3.528995059821374847e-01
2.474209568500036482e-01
3.310914708735654410e-01
3.529375954139862825e-01
3.307081728437377688e-01
2.194780121099473014e-01
3.125233207470249353e-01
3.305865910811909836e-01
2.336366195070110341e-01
3.453789064154202948e-01
2.285861709451467716e-01
3.017800509277689947e-01
3.320490455888946424e-01
3.500911891111487262e-01
3.295495337923313728e-01
3.531659313703309211e-01
2.895976822729380840e-01
3.392967708785615266e-01
2.197608949308616777e-01
2.045340381816019570e-01
3.507229268285207424e-01
3.504371104584485530e-01
3.378591787220441844e-01
2.589180248028069009e-01
2.443657934819042643e-01
2.469400159301514408e-01
2.750441849973672692e-01
3.439018711834659348e-01
3.510169226435080336e-01
3.494211183478329596e-01
3.421640091128008154e-01
2.300638740979032981e-01
2.010319096222853708e-01
3.211344185027834031e-01
2.632749637290334732e-01
2.154837804520549072e-01
2.254675400896311299e-01
2.006923918280483499e-01
3.331221177307781556e-01
2.133785739046192009e-01
3.235390190803886790e-01
2.868169778963722272e-01
2.206048164325984384e-01
3.483063090526294370e-01
3.532375067766943544e-01
3.505445629626475768e-01
2.420107065519638279e-01
2.385709118463456846e-01
3.346666288054321314e-01
3.151596098317969719e-01
3.539858559687608652e-01
2.315992837508585311e-01
2.590337591752682744e-01
3.414934255108755257e-01
3.379767097451314983e-01
2.988758659688161567e-01
2.552859955224347499e-01
2.161865331560956782e-01
3.538309923192777262e-01
2.266856241435282471e-01
2.264415442739598772e-01
3.419467775189809489e-01
3.202746567261172128e-01
3.488676591052981557e-01
3.392879801181333810e-01
2.399920339082204368e-01
3.358711774448775444e-01
3.343289952764119111e-01
2.253413156273563756e-01
3.529714837260257698e-01
3.201320276308934898e-01
2.849072822204375410e-01
3.478642274945474844e-01
3.509447967814550151e-01
3.092458899728678379e-01
1.907678042860712631e-01
3.486152052987477323e-01
3.322000126571024170e-01
3.530177993619287302e-01
3.526949575022735872e-01
2.207402999657158693e-01
2.452877282702126960e-01
3.408928808751700013e-01
3.480193695968330503e-01
2.123710941782106787e-01
3.527896116657812664e-01
2.546569266664612252e-01
3.194020635882631187e-01
2.221774462264382854e-01
3.440526363530759801e-01
3.527535518701708783e-01
3.530990033788587446e-01
