0.000000000000000000e+00
5.864873418604345245e-02
1.112111029560159947e-01
7.097882843170925937e-02
5.371396308171676875e-02
9.220765027084515397e-02
2.755965069466434145e-02
2.928033856239286095e-02
4.839878496778383943e-02
6.196467751309198135e-02
6.781273233676410328e-02
2.938918119166334872e-02
7.898833828436105375e-03
5.877567955358708324e-02
5.230858544182988984e-02
1.346275777969134849e-02
1.029717904291157227e-01
2.722595801753407291e-02
8.255943419358062474e-02
7.816829450575574212e-02
6.534219768652183014e-02
1.302412075726862989e-02
5.452649698893944838e-03
2.396796418091518346e-02
7.005115261674094151e-02
4.650242659084051489e-02
3.222239139277102010e-02
9.753666888027245907e-02
8.517180047746661375e-02
7.562958936519566244e-02
6.289428440811577203e-02
6.351814332984317968e-02
7.485122240226967094e-02
7.307780809737422778e-02
6.836497669208446704e-02
7.972430587457959850e-02
8.536899241655648840e-02
6.758725055125389125e-02
3.967522449509963689e-02
6.721851642441249719e-02
7.806182834471740717e-02
4.221685760052377306e-02
3.586920864953481447e-02
6.277080619769236092e-02
3.447532797509840485e-02
7.326955638926714587e-02
6.200987287298780765e-02
4.929259961621979685e-02
8.151025313538605432e-02
1.939658888310780843e-02
5.292526498620017672e-02
7.941242115975134797e-02
1.248536038151885560e-02
4.834651417835901521e-02
2.310984645822887484e-02
7.650809934796691525e-02
7.931357854442000477e-02
2.060126779074337652e-02
2.796895596405227918e-02
7.879672845534227421e-02
6.533657942936629826e-02
6.566112308877690429e-02
5.511060443411033849e-02
5.934190320005312824e-02
5.835193640129486548e-02
3.505965454292718497e-02
1.728074514135861939e-02
7.284083281856044978e-02
6.178164518207875794e-03
3.163485184367471198e-02
2.161700756523323580e-02
4.248837334062042365e-02
5.130297886927864294e-03
7.689674252391517917e-02
6.471970758396634882e-02
5.484505083138073445e-02
3.594046721281501239e-02
6.662170647875269303e-02
9.282130204863885126e-02
9.170015106596314525e-02
3.723714511671319394e-02
7.520266012448650894e-02
9.055775217227428342e-02
8.758278588040285806e-02
3.349664528498959987e-02
6.093374867901157205e-02
4.264166659403734877e-02
9.597722446741457913e-02
6.579086136984546584e-02
6.443086510174896031e-02
1.071654961788923513e-02
7.863958481750438212e-02
3.531954989729910177e-02
1.435232230820219189e-02
9.289207935440202402e-02
5.351087618407122243e-02
3.391421538857516960e-02
5.879733326297260226e-02
6.409254532858865705e-02
1.331622462469313900e-02
6.508428490107176501e-02
