0.000000000000000000e+00
2.288705586122440766e-02
3.524933653811909012e-02
2.116354153655075274e-02
6.455758300203806935e-03
6.413004644717965053e-02
4.040339611725361768e-02
1.404526305386032126e-01
1.180427764734245655e-01
3.720947415896872640e-02
3.800202284085027471e-02
5.864129145506716267e-02
1.231252183559571750e-01
2.600767580082044561e-02
6.609749544554494038e-02
8.088381417095540094e-02
9.177877317398846005e-03
7.589356198590399560e-02
2.504586931228158439e-02
1.368865657612933738e-02
4.945677512784678320e-02
4.497012727853665764e-02
4.707767248653913633e-02
1.401532456039227825e-01
1.302657578484018620e-02
3.157100977412209686e-02
5.046379262373676747e-03
8.558589918072087577e-02
4.217825617913313618e-02
5.141341266755272005e-02
2.245188701337988771e-02
4.136228780075374561e-02
8.742278121299600080e-02
3.935104201515661482e-02
1.442206128375962682e-01
9.724861699160682049e-02
1.543492053494357856e-02
1.225480614220971626e-02
1.668390959002337892e-03
2.865525019614836855e-02
1.338845344124191816e-01
9.729938831960319168e-02
9.563194835669645844e-02
1.656075744900581126e-01
9.263047289602993617e-02
3.673985208436273547e-02
2.623364129437810721e-02
2.514959334618476275e-02
5.144279258791695231e-02
9.685385992929534948e-03
5.109226146578119826e-02
6.238342277061538661e-03
6.606357688229805292e-02
1.019954250011527730e-01
2.610651153945352937e-02
6.951598332614005588e-03
2.263658829552920443e-02
9.819481288801040764e-02
5.254033078949404967e-02
3.777812469968682557e-02
3.328079992289870864e-02
2.829608851692617857e-03
2.758492069515399575e-02
1.183897260096211310e-02
1.148674605512939456e-01
7.092956897925761783e-02
3.202859719452309101e-02
1.330128859310928668e-01
1.392545125360076796e-01
5.959391767207269930e-02
7.675402652268460690e-02
7.080653974124288819e-02
1.212980285232066746e-01
9.326779999941199606e-03
2.472584066456034665e-02
2.672869672461201940e-02
1.934765610798506313e-02
3.544368492851932700e-02
1.007363873332600551e-01
2.964330858407374439e-02
5.227072688079349716e-02
1.117788271278487289e-02
1.466681718894931874e-01
5.235012874434807895e-02
3.785915609310662455e-02
3.390776349488802688e-02
4.596093722571487072e-02
6.126326941433367368e-02
7.846892658765812489e-02
4.544039583030359819e-02
8.131783441610662688e-02
1.319893795236752598e-01
1.650884607752643035e-02
9.667833430071264000e-02
1.435524745019000660e-02
2.012906947892674145e-02
6.392340382880984384e-02
2.080982924797263739e-02
4.186869765589656261e-02
7.278970389382545536e-02
5.967985579160866444e-02
