0.000000000000000000e+00
3.961812487806727623e-02
8.618188160001982734e-03
1.772841353497985051e-02
4.432964366680169910e-02
7.581666443719328741e-02
7.603789423323387142e-02
6.245966769645548006e-02
7.015136676601979246e-03
4.726754675687070556e-02
1.436422468968162613e-02
5.706956003865426563e-02
2.101149198759456882e-02
1.450692019631018639e-02
8.692648578001928306e-03
1.646043512581418788e-02
1.105601505283504427e-02
1.319466401796210581e-02
2.417980462534670416e-02
5.844496054896852061e-03
2.380657311883465493e-02
1.467695152953968872e-02
5.707102505589068536e-02
8.229702326189677897e-03
5.602174921581948991e-02
5.102318800350453404e-02
5.802664504862301703e-02
1.076371138568751190e-02
1.552610813344614503e-02
5.187992762096019922e-02
6.514305100266195268e-03
1.033900521750784861e-02
1.033232778458384286e-02
2.360521934834666768e-02
2.996491036056095694e-02
7.271113915886119605e-02
1.746264171275510590e-02
4.418223830231025190e-02
6.542715076382635275e-02
1.120799506715618697e-02
6.758105973399886231e-03
6.601862495314143875e-02
2.353019907341738839e-02
7.355804666920457736e-03
3.942726738782611172e-03
1.190582204729256563e-02
5.052116625564795349e-02
1.017718862693547943e-02
3.434594666398461602e-03
7.609367586780488302e-02
1.929541502650328894e-02
2.181105841049343214e-02
3.506695903239266578e-03
1.053228151294558351e-01
5.357073790603252700e-02
3.029851773254596710e-03
2.047861089492168662e-02
9.376408542521171355e-03
5.035891603483110684e-02
1.244548269517796804e-02
5.617529115315196206e-03
7.595857339530615558e-03
2.297389561545605530e-02
1.946563155177690255e-02
2.148774580440838966e-02
1.114281303786805906e-02
7.858051322689905971e-02
4.512142905275395854e-02
2.766402777313605246e-02
8.663480054354700741e-03
1.106766267937963309e-02
3.632317469348688571e-02
3.944802403572721973e-03
1.400123571114296993e-02
1.285645890470478274e-02
2.399653315354032326e-02
1.322675747539409780e-02
1.092365843417055470e-02
7.600437979958657442e-03
1.646143857192527982e-02
4.259986929866137195e-02
1.241436384427207530e-02
4.691948983088666675e-02
1.495478512450668096e-02
5.937473320204740557e-02
9.316978163519777645e-03
4.730415032797756492e-02
1.771255036486259551e-02
6.309882470452714276e-02
3.133494011971284243e-02
5.244628912188518260e-02
7.382758609780223392e-03
3.061800713330672247e-02
1.497750572582541746e-02
1.599824833828707507e-02
1.555903406754309201e-02
1.637991113975188545e-03
5.188826891187219015e-02
3.135612133047940842e-02
3.798142334315777330e-02
8.847781063714942051e-02
