0.000000000000000000e+00
8.912063016925825254e-02
9.726474518995018026e-02
4.044129326450707912e-02
8.575590457443311998e-02
1.147683638921476700e-02
3.369278747905366661e-02
2.750900289926470205e-02
1.258620028488569298e-01
1.662092671834458357e-01
4.750297931724394018e-02
1.408576657649110719e-01
5.445015050940740786e-02
1.316230628480934417e-01
1.588179604795573185e-01
8.205867037379606377e-02
1.079258414745184053e-01
4.150055683171002124e-02
6.831101590494571829e-02
9.129273647277416637e-02
1.082187012553207234e-01
6.001960431140646035e-02
5.707042179466124965e-02
1.220705576690635230e-01
7.256124787615853000e-02
8.859984562595066282e-02
1.396764200759681440e-01
2.068146281675014783e-02
1.039198814856054642e-01
2.994182635679981316e-02
1.496300402336060986e-01
2.290567613740089950e-02
9.973467855022005724e-02
2.982823572405665993e-02
6.785493005490843327e-06
1.703080135916166605e-03
4.984826567362468652e-02
1.123474130104522711e-01
8.663195973200628341e-02
8.250051688727416677e-02
3.261770143581825543e-02
4.674866708482197653e-02
8.733238803737201905e-02
7.380726166020195418e-04
8.054193375112052300e-02
1.227933255664100942e-01
7.830171823591094982e-02
6.576938682421176741e-02
1.100566993445491609e-01
1.141850579982997410e-01
5.015895922992421457e-02
1.090622024600197137e-01
1.147257141026714056e-01
1.075292154607394857e-02
4.635237544411378169e-02
3.664979948185603104e-02
3.439679261882150341e-02
6.808650056186868471e-02
2.952564537897237051e-02
1.570367971294410192e-01
4.761737503996261306e-02
5.966980487294022695e-02
1.079287844524881440e-01
1.786307762225601836e-01
1.116595470383256045e-02
1.104874200350801500e-01
9.062823975380207564e-02
6.773370608722750937e-03
3.943645304049847589e-02
5.078385293078811757e-02
6.358641309001628050e-02
1.027222016565872559e-01
3.396968332863685436e-02
1.682384954976831604e-01
8.896643253470155888e-02
5.269092385034585685e-02
4.504047525887747150e-02
9.890181389617482000e-02
1.033479798767868510e-02
7.743254976398850076e-02
7.548671977804650990e-02
3.337178516621326640e-02
1.066663803490855780e-02
5.654618678623361816e-02
2.907569164186954783e-02
3.570869095388758130e-02
1.144975690484752312e-01
3.367446659523717217e-02
1.529863991187483448e-03
7.567432809930242643e-02
2.059849384854007051e-02
8.558368477952589190e-04
7.033681107839515056e-02
1.201563594223547804e-01
1.513563831658550352e-01
1.449640218964622640e-01
1.201193945631700150e-01
4.271734752694566345e-02
9.887469802278388287e-02
8.230046301514520879e-02
2.640136070945888966e-02
