ÓBIDOS   
 obs upstream area=4.67e+06 
 mod upstream area=4.61644e+06 
 mod gridbox area=2.55505e+09 
 obs longitude=-55.5131 
 obs latitude=-1.9192
 datem rflowobs rflowS0_rescale rflowS1_rescale rflowS2_rescale rflowS3_rescale
 1901.04 -999.0 65710.5225534 65710.5225534 65710.5225534 65710.5225534
 1901.12 -999.0 83177.6657926 83176.0000209 83177.6657926 83177.6657926
 1901.2 -999.0 110815.987432 110808.688848 110815.987432 110815.987432
 1901.29 -999.0 141091.63983 141077.013776 141091.63983 141091.63983
 1901.37 -999.0 163172.359467 163155.740265 163172.359467 163172.359467
 1901.45 -999.0 146924.13269 146909.564409 146924.13269 146924.13269
 1901.54 -999.0 123751.446695 123736.512521 123751.446695 123751.446695
 1901.62 -999.0 109360.651737 109346.728581 109360.651737 109360.651737
 1901.71 -999.0 90959.5834402 90947.4319721 90959.5834402 90959.5834402
 1901.79 -999.0 86233.0667529 86222.2633082 86233.0667529 86233.0667529
 1901.87 -999.0 68172.5380545 68161.8838552 68172.5380545 68172.5380545
 1901.96 -999.0 70348.8496239 70332.9862771 70348.8496239 70348.8496239
 1902.04 -999.0 75908.1944275 75888.0511064 75908.1944275 75908.1944275
 1902.12 -999.0 85607.8053546 85588.1916141 85608.2964203 85608.2964203
 1902.2 -999.0 105252.704474 105238.068791 105255.708641 105255.708641
 1902.29 -999.0 141369.708172 141351.63503 141376.506061 141376.506061
 1902.37 -999.0 152590.500923 152569.510273 152599.080129 152599.080129
 1902.45 -999.0 143362.548942 143347.865116 143371.051118 143371.051118
 1902.54 -999.0 123703.668894 123692.220324 123710.283837 123710.283837
 1902.62 -999.0 95915.678142 95909.0920848 95921.2435529 95921.2435529
 1902.71 -999.0 77962.7024537 77958.2250903 77967.868272 77967.868272
 1902.79 -999.0 60974.6034027 60971.738853 60978.9170776 60978.9170776
 1902.87 -999.0 53394.8170501 53392.703542 53399.5929044 53399.5929044
 1902.96 -999.0 60985.2527876 60981.2087174 60991.5596114 60991.5596114
 1903.04 -999.0 80963.806957 80958.2415461 80974.0134199 80974.0134199
 1903.12 -999.0 112556.651538 112548.447853 112572.230837 112572.230837
 1903.2 -999.0 148388.114993 148372.246831 148419.716513 148419.716513
 1903.29 -999.0 157397.716069 157392.169915 157447.034468 157447.034468
 1903.37 -999.0 163248.484275 163244.151342 163305.486407 163305.486407
 1903.45 -999.0 143516.233239 143514.663754 143558.773006 143558.773006
 1903.54 -999.0 134175.470956 134171.552059 134210.85657 134210.85657
 1903.62 -999.0 112422.292119 112418.498396 112445.141116 112445.141116
 1903.71 -999.0 82708.0722113 82707.1863673 82723.5648517 82723.5648517
 1903.79 -999.0 64569.3629698 64570.9228255 64581.6347972 64581.6347972
 1903.87 -999.0 58606.246642 58606.6558633 58618.2873796 58618.2873796
 1903.96 -999.0 55832.6451599 55834.5757219 55845.5428552 55845.5428552
 1904.04 -999.0 67636.5398774 67634.6670877 67657.2464797 67657.2464797
 1904.12 -999.0 86878.3848136 86884.2102005 86913.693398 86913.693398
 1904.2 -999.0 131445.136211 131449.709862 131532.786618 131532.786618
 1904.29 -999.0 158663.943338 158675.863716 158773.296922 158773.296922
 1904.37 -999.0 146094.164309 146106.806843 146166.668711 146166.668711
 1904.45 -999.0 148909.463044 148918.735519 148973.417126 148973.417126
 1904.54 -999.0 130921.169142 130925.46356 130967.83001 130967.83001
 1904.62 -999.0 98869.8810596 98872.6252501 98901.1455738 98901.1455738
 1904.71 -999.0 69739.3552851 69743.3849122 69762.5172158 69762.5172158
 1904.79 -999.0 53409.4334753 53413.7664077 53428.1180425 53428.1180425
 1904.87 -999.0 50246.7202234 50253.5469991 50266.0162155 50266.0162155
 1904.96 -999.0 66010.5588624 66016.0713152 66045.9252193 66045.9252193
 1905.04 -999.0 69396.0763111 69403.6637571 69456.0681669 69456.0681669
 1905.12 -999.0 77694.9850058 77715.4605184 77774.1284227 77774.1284227
 1905.2 -999.0 97103.2386168 97134.7727357 97185.9205951 97185.9205951
 1905.29 -999.0 118671.574558 118697.697326 118785.107015 118785.107015
 1905.37 -999.0 137785.776121 137815.528924 137934.780851 137934.780851
 1905.45 -999.0 132982.316184 133010.711334 133072.730039 133072.730039
 1905.54 -999.0 119745.246313 119767.584987 119806.918384 119806.918384
 1905.62 -999.0 95866.947096 95880.2154977 95913.5501908 95913.5501908
 1905.71 -999.0 70179.6678724 70190.0717245 70212.5885297 70212.5885297
 1905.79 -999.0 58166.5551083 58178.9376661 58197.5018742 58197.5018742
 1905.87 -999.0 55114.80344 55127.9899975 55150.2564555 55150.2564555
 1905.96 -999.0 64062.4869126 64074.2532312 64118.1458361 64118.1458361
 1906.04 -999.0 75261.6679601 75284.4254837 75339.7618444 75339.7618444
 1906.12 -999.0 93206.699939 93241.6330026 93319.9531624 93319.9531624
 1906.2 -999.0 115705.537921 115735.406268 115872.038069 115872.038069
 1906.29 -999.0 129112.015819 129155.826579 129225.634934 129225.634934
 1906.37 -999.0 133207.118344 133251.891978 133290.204729 133290.204729
 1906.45 -999.0 149333.878584 149376.168004 149415.04885 149415.04885
 1906.54 -999.0 143163.503658 143196.886494 143227.621428 143227.621428
 1906.62 -999.0 110341.983888 110361.559114 110382.9638 110382.9638
 1906.71 -999.0 84494.5402268 84508.7426162 84526.2572917 84526.2572917
 1906.79 -999.0 66344.3727864 66361.3338095 66373.8270978 66373.8270978
 1906.87 -999.0 55440.6351397 55459.0115874 55470.3060977 55470.3060977
 1906.96 -999.0 61365.4098305 61385.5001936 61404.4351081 61404.4351081
 1907.04 -999.0 61438.6989744 61462.9874675 61483.7903572 61483.7903572
 1907.12 -999.0 67924.9735564 67964.8365342 67988.6098898 67988.6098898
 1907.2 -999.0 89549.9746246 89602.5571661 89631.8863039 89631.8863039
 1907.29 -999.0 120222.956921 120277.946647 120321.603348 120321.603348
 1907.37 -999.0 142971.602897 143033.438657 143071.414402 143071.414402
 1907.45 -999.0 157512.259543 157560.085488 157599.389999 157599.389999
 1907.54 -999.0 137373.675738 137408.252539 137440.691759 137440.691759
 1907.62 -999.0 106228.394185 106255.046533 106275.199483 106275.199483
 1907.71 -999.0 81263.9828828 81285.1468502 81299.5610719 81299.5610719
 1907.79 -999.0 64723.5816616 64743.4842642 64756.4830613 64756.4830613
 1907.87 -999.0 49937.1322057 49959.3601487 49970.0817491 49970.0817491
 1907.96 -999.0 54470.4482531 54492.204388 54514.6345345 54514.6345345
 1908.04 -999.0 63196.4974207 63234.8246147 63259.0938503 63259.0938503
 1908.12 -999.0 96476.0707283 96541.8253842 96583.8066845 96583.8066845
 1908.2 -999.0 133195.323139 133277.822171 133319.042801 133319.042801
 1908.29 -999.0 152021.095838 152083.153058 152128.350357 152128.350357
 1908.37 -999.0 149899.932868 149964.95574 149998.107487 149998.107487
 1908.45 -999.0 144500.261437 144565.611686 144593.313567 144593.313567
 1908.54 -999.0 120323.066916 120372.828237 120395.503917 120395.503917
 1908.62 -999.0 95983.4259468 96021.0165422 96039.8214687 96039.8214687
 1908.71 -999.0 78257.14928 78287.3450042 78303.9208777 78303.9208777
 1908.79 -999.0 67403.7266068 67434.9044624 67448.0380619 67448.0380619
 1908.87 -999.0 60961.4168452 60993.9186524 61009.2572329 61009.2572329
 1908.96 -999.0 64399.9453142 64430.0110505 64460.5678524 64460.5678524
 1909.04 -999.0 73522.8525718 73564.9831176 73603.4402995 73603.4402995
 1909.12 -999.0 89376.8499047 89453.860556 89490.7963972 89490.7963972
 1909.2 -999.0 116116.742832 116212.385092 116255.252236 116255.252236
 1909.29 -999.0 139838.806136 139933.678098 139965.866971 139965.866971
 1909.37 -999.0 166287.294918 166380.250761 166411.274557 166411.274557
 1909.45 -999.0 157896.138093 157975.315211 158003.25781 158003.25781
 1909.54 -999.0 139275.033863 139335.069048 139364.735191 139364.735191
 1909.62 -999.0 117328.115177 117369.788358 117394.717162 117394.717162
 1909.71 -999.0 90995.652695 91032.8485122 91049.7565772 91049.7565772
 1909.79 -999.0 72213.3441227 72251.4787419 72265.2478381 72265.2478381
 1909.87 -999.0 57223.5212645 57263.7597631 57275.2612914 57275.2612914
 1909.96 -999.0 56691.8704629 56738.2617255 56754.1058148 56754.1058148
 1910.04 -999.0 67294.5752261 67353.8930702 67382.2063761 67382.2063761
 1910.12 -999.0 86534.1670375 86621.6248702 86661.4011893 86661.4011893
 1910.2 -999.0 102383.484803 102475.593317 102511.392967 102511.392967
 1910.29 -999.0 123557.947564 123651.548532 123688.301427 123688.301427
 1910.37 -999.0 138603.843381 138705.522861 138741.775062 138741.775062
 1910.45 -999.0 142919.800284 143011.562163 143054.150073 143054.150073
 1910.54 -999.0 131222.202026 131292.039267 131329.716521 131329.716521
 1910.62 -999.0 111360.357797 111421.346227 111444.994409 111444.994409
 1910.71 -999.0 88301.4064621 88347.9999281 88366.5063637 88366.5063637
 1910.79 -999.0 64323.2957406 64366.3650884 64379.5757177 64379.5757177
 1910.87 -999.0 51582.3032967 51628.4923557 51641.062674 51641.062674
 1910.96 -999.0 58963.357299 59019.2039829 59043.8872543 59043.8872543
 1911.04 -999.0 70508.0945172 70591.0749864 70620.3126512 70620.3126512
 1911.12 -999.0 79026.148488 79124.4193941 79166.1984909 79166.1984909
 1911.2 -999.0 99980.0938773 100087.974264 100140.566435 100140.566435
 1911.29 -999.0 117232.415144 117320.604761 117386.706051 117386.706051
 1911.37 -999.0 133467.363891 133569.977358 133630.792471 133630.792471
 1911.45 -999.0 139135.792674 139244.414474 139288.331151 139288.331151
 1911.54 -999.0 135390.925886 135486.510374 135519.036253 135519.036253
 1911.62 -999.0 100459.951694 100527.583954 100547.602101 100547.602101
 1911.71 -999.0 77013.1355108 77063.1038497 77078.2979992 77078.2979992
 1911.79 -999.0 59814.9470124 59859.8410061 59875.6032512 59875.6032512
 1911.87 -999.0 48925.6909885 48968.639977 48987.3438018 48987.3438018
 1911.96 -999.0 56033.630635 56087.5226849 56116.3318708 56116.3318708
 1912.04 -999.0 72833.5841338 72915.1395497 72964.539793 72964.539793
 1912.12 -999.0 96939.1167674 97071.627468 97130.0450251 97130.0450251
 1912.2 -999.0 124176.237755 124314.121292 124369.505797 124369.505797
 1912.29 -999.0 123754.07534 123873.635388 123924.966193 123924.966193
 1912.37 -999.0 144904.11962 145049.070651 145096.107039 145096.107039
 1912.45 -999.0 151624.921388 151766.165354 151803.765579 151803.765579
 1912.54 -999.0 126272.751154 126381.989193 126411.193157 126411.193157
 1912.62 -999.0 100178.051114 100260.116853 100280.173516 100280.173516
 1912.71 -999.0 80679.5040068 80743.8528669 80760.7561175 80760.7561175
 1912.79 -999.0 67473.9008537 67526.3534072 67549.0290866 67549.0290866
 1912.87 -999.0 60636.321744 60694.2530498 60717.8338306 60717.8338306
 1912.96 -999.0 59701.6986034 59774.9059029 59801.1057006 59801.1057006
 1913.04 -999.0 67632.1876875 67742.0564093 67769.1564941 67769.1564941
 1913.12 -999.0 89471.0285969 89629.4598618 89679.5678174 89679.5678174
 1913.2 -999.0 108617.727153 108753.858259 108812.198786 108812.198786
 1913.29 -999.0 140208.020118 140366.191407 140442.065867 140442.065867
 1913.37 -999.0 169771.338435 169940.30354 170012.037642 170012.037642
 1913.45 -999.0 170397.476048 170536.341716 170589.415323 170589.415323
 1913.54 -999.0 137475.307074 137582.917857 137621.28838 137621.28838
 1913.62 -999.0 107795.288445 107877.373442 107903.958389 107903.958389
 1913.71 -999.0 76676.1200312 76739.1208678 76760.7422003 76760.7422003
 1913.79 -999.0 58418.4092094 58481.1933994 58495.3813458 58495.3813458
 1913.87 -999.0 50495.1994516 50559.2257489 50576.7163526 50576.7163526
 1913.96 -999.0 57245.0751959 57300.0167783 57351.8386494 57351.8386494
 1914.04 -999.0 70472.2948671 70558.7272391 70623.4323625 70623.4323625
 1914.12 -999.0 95492.1099311 95650.6952558 95723.0841126 95723.0841126
 1914.2 -999.0 128656.355022 128837.327164 128930.841473 128930.841473
 1914.29 -999.0 149142.362973 149314.688508 149384.699066 149384.699066
 1914.37 -999.0 145282.037981 145442.953461 145496.672193 145496.672193
 1914.45 -999.0 139222.239489 139370.262087 139414.429111 139414.429111
 1914.54 -999.0 124119.466713 124239.074904 124280.892515 124280.892515
 1914.62 -999.0 95477.5609071 95576.688771 95600.076977 95600.076977
 1914.71 -999.0 72347.5494812 72426.2259043 72439.9372281 72439.9372281
 1914.79 -999.0 56129.0081051 56198.4216817 56210.0146829 56210.0146829
 1914.87 -999.0 47693.1691188 47761.4272467 47781.3828075 47781.3828075
 1914.96 -999.0 53576.8772395 53645.6456905 53698.5604235 53698.5604235
 1915.04 -999.0 68011.9836527 68127.9232942 68187.0100486 68187.0100486
 1915.12 -999.0 92023.3953666 92206.7265495 92284.1897515 92284.1897515
 1915.2 -999.0 115059.825082 115224.043219 115318.68409 115318.68409
 1915.29 -999.0 146939.875678 147102.822821 147209.210754 147209.210754
 1915.37 -999.0 159919.338276 160119.539009 160165.034799 160165.034799
 1915.45 -999.0 139678.805387 139845.604026 139874.519128 139874.519128
 1915.54 -999.0 134262.755471 134399.156182 134436.72752 134436.72752
 1915.62 -999.0 112900.387877 112997.46482 113027.150221 113027.150221
 1915.71 -999.0 94202.7833181 94275.6632405 94299.0803328 94299.0803328
 1915.79 -999.0 74037.5038355 74101.924911 74122.9155612 74122.9155612
 1915.87 -999.0 60012.7261175 60068.4235559 60108.1228452 60108.1228452
 1915.96 -999.0 60130.3026445 60204.7664945 60258.2396942 60258.2396942
 1916.04 -999.0 67035.5429004 67140.9535162 67213.6553069 67213.6553069
 1916.12 -999.0 96417.6916862 96617.3339523 96711.1852674 96711.1852674
 1916.2 -999.0 113299.576122 113509.299677 113591.461704 113591.461704
 1916.29 -999.0 124776.387403 124921.367321 125030.191324 125030.191324
 1916.37 -999.0 144221.952377 144413.766478 144476.353279 144476.353279
 1916.45 -999.0 142629.773048 142808.395778 142852.668718 142852.668718
 1916.54 -999.0 131359.488581 131514.501644 131549.627282 131549.627282
 1916.62 -999.0 106180.905246 106296.257535 106320.935992 106320.935992
 1916.71 -999.0 87763.8821299 87847.3055211 87869.1627577 87869.1627577
 1916.79 -999.0 66375.4350971 66458.2759497 66477.0808761 66477.0808761
 1916.87 -999.0 52276.5305351 52350.7873672 52380.7712592 52380.7712592
 1916.96 -999.0 58225.9259105 58319.3150461 58369.3074569 58369.3074569
 1917.04 -999.0 81724.1980727 81883.572954 81977.944221 81977.944221
 1917.12 -999.0 126580.225663 126799.905335 126949.622591 126949.622591
 1917.2 -999.0 136774.98003 137035.244834 137107.460374 137107.460374
 1917.29 -999.0 151325.198013 151582.699369 151630.178679 151630.178679
 1917.37 -999.0 168697.714824 168901.921112 168971.767982 168971.767982
 1917.45 -999.0 158862.747904 159048.370726 159107.404523 159107.404523
 1917.54 -999.0 146217.479565 146365.1459 146410.680204 146410.680204
 1917.62 -999.0 113602.679184 113711.609104 113746.474766 113746.474766
 1917.71 -999.0 98084.9559179 98173.7328878 98209.0318435 98209.0318435
 1917.79 -999.0 89929.4624702 90017.8831768 90049.2439784 90049.2439784
 1917.87 -999.0 60180.1891392 60273.6649335 60292.8164945 60292.8164945
 1917.96 -999.0 60012.2446806 60133.894164 60159.6847403 60159.6847403
 1918.04 -999.0 72555.2365584 72727.1673148 72769.9526147 72769.9526147
 1918.12 -999.0 94379.5284438 94594.3167156 94699.5106848 94699.5106848
 1918.2 -999.0 115598.379689 115789.539037 115917.986409 115917.986409
 1918.29 -999.0 122218.763342 122414.987406 122513.364229 122513.364229
 1918.37 -999.0 141784.321656 142031.106226 142119.276586 142119.276586
 1918.45 -999.0 168478.853595 168725.90777 168818.054799 168818.054799
 1918.54 -999.0 140674.089581 140851.87461 140915.376141 140915.376141
 1918.62 -999.0 115379.21997 115512.683916 115553.981576 115553.981576
 1918.71 -999.0 88856.4936134 88960.6091639 88993.019498 88993.019498
 1918.79 -999.0 61438.3908547 61528.6169497 61547.0511698 61547.0511698
 1918.87 -999.0 51541.8770377 51638.8817647 51669.4626384 51669.4626384
 1918.96 -999.0 68234.4267718 68356.76471 68429.4472433 68429.4472433
 1919.04 -999.0 77606.0876767 77788.0082494 77859.352388 77859.352388
 1919.12 -999.0 98095.8460213 98335.871217 98441.662168 98441.662168
 1919.2 -999.0 117596.121487 117843.300836 117932.183722 117932.183722
 1919.29 -999.0 146754.262484 146959.547191 147088.745605 147088.745605
 1919.37 -999.0 171264.139552 171499.485181 171600.086241 171600.086241
 1919.45 -999.0 152265.742828 152480.656273 152535.308994 152535.308994
 1919.54 -999.0 128497.230488 128679.531396 128717.20865 128717.20865
 1919.62 -999.0 107952.063567 108092.248373 108122.550013 108122.550013
 1919.71 -999.0 84720.0645422 84822.437291 84852.1130633 84852.1130633
 1919.79 -999.0 64895.0454241 64991.9971931 65017.3929911 65017.3929911
 1919.87 -999.0 61862.1323829 61971.197105 62011.0745259 62011.0745259
 1919.96 -999.0 71056.3982222 71170.1280682 71252.1745497 71252.1745497
 1920.04 -999.0 85386.8643188 85519.5483366 85679.693517 85679.693517
 1920.12 -999.0 130921.717981 131213.305071 131358.19833 131358.19833
 1920.2 -999.0 153908.251573 154170.32658 154279.198727 154279.198727
 1920.29 -999.0 157100.380621 157313.974929 157422.693017 157422.693017
 1920.37 -999.0 157579.660713 157803.702203 157896.552129 157896.552129
 1920.45 -999.0 156075.796176 156323.331787 156389.211617 156389.211617
 1920.54 -999.0 145777.032175 145996.201523 146056.419654 146056.419654
 1920.62 -999.0 125236.130785 125400.66667 125451.843416 125451.843416
 1920.71 -999.0 89980.0518628 90100.7769873 90131.6178371 90131.6178371
 1920.79 -999.0 71205.3018503 71323.8316224 71346.3724994 71346.3724994
 1920.87 -999.0 54935.8870338 55043.103038 55075.4122704 55075.4122704
 1920.96 -999.0 60216.6820585 60332.7805741 60400.6776243 60400.6776243
 1921.04 -999.0 68415.1630096 68557.552796 68661.7887057 68661.7887057
 1921.12 -999.0 88588.3236148 88843.947367 88967.0026463 88967.0026463
 1921.2 -999.0 125149.115875 125391.095704 125571.364948 125571.364948
 1921.29 -999.0 137781.019525 137985.47616 138141.182492 138141.182492
 1921.37 -999.0 152769.980611 153073.834715 153155.505675 153155.505675
 1921.45 -999.0 153694.166199 153979.648669 154040.93559 154040.93559
 1921.54 -999.0 136862.977072 137092.699517 137136.683595 137136.683595
 1921.62 -999.0 118605.425124 118786.483925 118818.249133 118818.249133
 1921.71 -999.0 92477.737026 92612.3275342 92639.1531999 92639.1531999
 1921.79 -999.0 67857.1583505 67977.3009363 67998.8885682 67998.8885682
 1921.87 -999.0 57199.8393819 57340.1734326 57364.7941172 57364.7941172
 1921.96 -999.0 73837.9963717 74022.1122968 74082.4893022 74082.4893022
 1922.04 -999.0 83970.8042483 84251.0294277 84346.1902512 84346.1902512
 1922.12 -999.0 105709.578492 106024.842651 106130.855063 106130.855063
 1922.2 -999.0 122376.770943 122614.687445 122749.769019 122749.769019
 1922.29 -999.0 143277.093887 143538.148248 143673.364624 143673.364624
 1922.37 -999.0 145140.428123 145429.44434 145537.122524 145537.122524
 1922.45 -999.0 149219.325481 149480.832392 149590.426695 149590.426695
 1922.54 -999.0 131486.982709 131715.260843 131783.191594 131783.191594
 1922.62 -999.0 105128.599662 105304.978896 105341.539216 105341.539216
 1922.71 -999.0 81746.5945187 81885.4409293 81916.9557907 81916.9557907
 1922.79 -999.0 64450.8861558 64592.2938108 64612.3649164 64612.3649164
 1922.87 -999.0 49420.4974219 49535.3442015 49573.6473236 49573.6473236
 1922.96 -999.0 48210.9015788 48316.1581348 48397.7039219 48397.7039219
 1923.04 -999.0 59115.0580756 59271.7417244 59378.505178 59378.505178
 1923.12 -999.0 96120.5006694 96456.4088441 96592.9347287 96592.9347287
 1923.2 -999.0 121520.015411 121886.177083 121986.104132 121986.104132
 1923.29 -999.0 125474.875359 125806.777978 125881.217756 125881.217756
 1923.37 -999.0 144827.994813 145166.839753 145234.144635 145234.144635
 1923.45 -999.0 139498.449484 139809.765861 139891.330905 139891.330905
 1923.54 -999.0 129819.00595 130075.217056 130155.097071 130155.097071
 1923.62 -999.0 102954.998583 103158.790835 103207.444851 103207.444851
 1923.71 -999.0 79072.8430558 79221.3519056 79251.1576659 79251.1576659
 1923.79 -999.0 60591.1485169 60718.4308124 60744.1684306 60744.1684306
 1923.87 -999.0 44034.599901 44139.7794271 44180.0660694 44180.0660694
 1923.96 -999.0 47154.2101046 47269.0857704 47344.2910332 47344.2910332
 1924.04 -999.0 50539.9827148 50708.1775206 50786.622854 50786.622854
 1924.12 -999.0 70464.9722114 70721.0051851 70815.4438532 70815.4438532
 1924.2 -999.0 98903.8031057 99274.201422 99408.86896 99408.86896
 1924.29 -999.0 143859.26668 144292.23254 144429.422807 144429.422807
 1924.37 -999.0 183132.734578 183555.243628 183638.301127 183638.301127
 1924.45 -999.0 165315.735936 165691.160454 165741.865392 165741.865392
 1924.54 -999.0 121118.439239 121403.055124 121445.556376 121445.556376
 1924.62 -999.0 95841.4501961 96084.0366364 96119.778514 96119.778514
 1924.71 -999.0 89030.590836 89211.4666905 89240.7380559 89240.7380559
 1924.79 -999.0 68064.8598707 68217.2154016 68237.6475849 68237.6475849
 1924.87 -999.0 56802.4517113 56957.0459239 56997.0918477 56997.0918477
 1924.96 -999.0 63775.6997479 63991.2149895 64043.7590161 64043.7590161
 1925.04 -999.0 79303.3406147 79635.3347072 79704.0935295 79704.0935295
 1925.12 -999.0 93704.4672095 94001.4560228 94131.251419 94131.251419
 1925.2 -999.0 118687.885642 118965.212571 119137.056668 119137.056668
 1925.29 -999.0 146317.300698 146670.126566 146789.792529 146789.792529
 1925.37 -999.0 165065.619823 165434.689373 165545.439124 165545.439124
 1925.45 -999.0 158636.260714 158968.432939 159064.210001 159064.210001
 1925.54 -999.0 129314.739281 129568.629861 129639.815125 129639.815125
 1925.62 -999.0 105199.159059 105414.438396 105457.738834 105457.738834
 1925.71 -999.0 89293.8790642 89459.3007933 89484.8265793 89484.8265793
 1925.79 -999.0 69476.1055719 69637.6132187 69656.1485405 69656.1485405
 1925.87 -999.0 49368.8055387 49515.104593 49535.3297584 49535.3297584
 1925.96 -999.0 47727.4522426 47887.8188839 47934.3642063 47934.3642063
 1926.04 -999.0 56120.910336 56331.2116157 56412.603343 56412.603343
 1926.12 -999.0 92430.9798714 92714.5751093 92925.9355502 92925.9355502
 1926.2 -999.0 115615.538101 115969.904568 116169.941612 116169.941612
 1926.29 -999.0 109996.735837 110320.482915 110442.04574 110442.04574
 1926.37 -999.0 126604.807833 126999.335768 127092.368641 127092.368641
 1926.45 -999.0 118331.131248 118697.841757 118749.201449 118749.201449
 1926.54 -999.0 95444.8424534 95751.3540891 95787.7603497 95787.7603497
 1926.62 -999.0 90867.3786394 91153.381062 91187.524569 91187.524569
 1926.71 -999.0 85005.2292645 85210.6198875 85239.3424147 85239.3424147
 1926.79 -999.0 70311.7886091 70507.6804815 70526.2013601 70526.2013601
 1926.87 -999.0 52409.4456427 52588.5401806 52611.4854647 52611.4854647
 1926.96 -999.0 53272.3972676 53501.1664679 53533.6586463 53533.6586463
 1927.04 -999.0 69068.1118457 69390.4097984 69467.9259585 69467.9259585
 1927.12 -999.0 96338.5915986 96736.7399396 96847.046769 96847.046769
 1927.2 -999.0 112036.834456 112415.57126 112506.302864 112506.302864
 1927.29 -999.0 127073.688888 127436.721219 127540.730853 127540.730853
 1927.37 -999.0 154577.323731 154999.168398 155084.970088 155084.970088
 1927.45 -999.0 163195.487697 163619.96101 163700.669097 163700.669097
 1927.54 -999.0 131867.414171 132165.086624 132239.632319 132239.632319
 1927.62 -999.0 114239.321751 114456.80607 114515.416202 114515.416202
 1927.71 -999.0 96648.2999756 96854.0757481 96881.8642877 96881.8642877
 1927.79 -999.0 68995.058606 69191.0804663 69210.448674 69210.448674
 1927.87 -999.0 61862.2190415 62073.6998417 62099.8611245 62099.8611245
 1927.96 -999.0 72783.240274 73025.3356485 73089.5304488 73089.5304488
 1928.04 -999.0 80509.3497527 80794.3989301 80901.6245631 80901.6245631
 1928.12 -999.0 125101.270672 125550.046921 125708.497443 125708.497443
 1928.2 -999.0 162562.35962 162972.351309 163099.469916 163099.469916
 1928.29 -999.0 152884.755175 153183.746766 153358.498742 153358.498742
 1928.37 -999.0 166151.452674 166518.365387 166654.997188 166654.997188
 1928.45 -999.0 196808.990474 197201.746721 197290.022997 197290.022997
 1928.54 -999.0 150492.745418 150796.349174 150850.193081 150850.193081
 1928.62 -999.0 119040.307103 119270.01992 119302.930948 119302.930948
 1928.71 -999.0 97408.6910913 97591.6467534 97616.8162761 97616.8162761
 1928.79 -999.0 67981.8842159 68157.3776055 68179.1433691 68179.1433691
 1928.87 -999.0 65802.2699891 65985.7696749 66054.3599943 66054.3599943
 1928.96 -999.0 73668.9349795 73908.9890614 73995.8306548 73995.8306548
 1929.04 -999.0 82823.4919008 83147.2004637 83241.3502697 83241.3502697
 1929.12 -999.0 101308.272451 101756.422831 101850.428206 101850.428206
 1929.2 -999.0 125543.403091 125991.486071 126119.461635 126119.461635
 1929.29 -999.0 149843.595119 150257.447932 150378.596722 150378.596722
 1929.37 -999.0 174582.530249 175015.091702 175122.606197 175122.606197
 1929.45 -999.0 191126.397816 191540.703181 191651.31813 191651.31813
 1929.54 -999.0 162597.446743 162903.525086 162983.116239 162983.116239
 1929.62 -999.0 113136.109027 113378.387347 113416.690469 113416.690469
 1929.71 -999.0 97528.0200487 97723.7723044 97767.2268017 97767.2268017
 1929.79 -999.0 66634.703327 66816.8164744 66842.4529909 66842.4529909
 1929.87 -999.0 51068.6823081 51252.9811792 51290.0903377 51290.0903377
 1929.96 -999.0 55051.4318969 55263.2497029 55335.0608354 55335.0608354
 1930.04 -999.0 69929.0366211 70283.8171234 70362.3635586 70362.3635586
 1930.12 -999.0 102983.855912 103482.200907 103641.681705 103641.681705
 1930.2 -999.0 127509.071561 127977.61561 128132.898277 128132.898277
 1930.29 -999.0 140488.22604 140887.568344 141034.878416 141034.878416
 1930.37 -999.0 171249.292037 171679.735167 171812.245868 171812.245868
 1930.45 -999.0 142396.131706 142834.788151 142883.509568 142883.509568
 1930.54 -999.0 123656.651763 124021.311351 124087.229696 124087.229696
 1930.62 -999.0 111185.028096 111468.88331 111520.580007 111520.580007
 1930.71 -999.0 80482.2448536 80683.8850829 80710.62409 80710.62409
 1930.79 -999.0 59013.6963444 59207.2532477 59224.4453604 59224.4453604
 1930.87 -999.0 50870.1377182 51055.1731878 51092.2630889 51092.2630889
 1930.96 -999.0 53005.6667653 53205.8626839 53282.8588921 53282.8588921
 1931.04 -999.0 74028.0291567 74360.1676802 74493.3042488 74493.3042488
 1931.12 -999.0 111163.488608 111636.731481 111830.009151 111830.009151
 1931.2 -999.0 153224.052665 153673.24295 153893.933638 153893.933638
 1931.29 -999.0 165846.703098 166233.00809 166370.506477 166370.506477
 1931.37 -999.0 165823.363035 166210.861991 166333.031427 166333.031427
 1931.45 -999.0 159054.475347 159515.470464 159593.81951 159593.81951
 1931.54 -999.0 130455.167081 130828.993228 130893.159142 130893.159142
 1931.62 -999.0 98894.6750615 99166.4269509 99208.6585984 99208.6585984
 1931.71 -999.0 78460.9944905 78670.0440341 78691.5979655 78691.5979655
 1931.79 -999.0 61242.0560604 61437.62537 61454.6056505 61454.6056505
 1931.87 -999.0 46880.1810185 47067.9703074 47096.789122 47096.789122
 1931.96 -999.0 49794.5835451 50014.0321265 50072.6085577 50072.6085577
 1932.04 -999.0 54648.5606597 54930.7886167 55008.2807049 55008.2807049
 1932.12 -999.0 97170.7938468 97722.019874 97852.4796532 97852.4796532
 1932.2 -999.0 138424.23852 138908.12115 139057.944322 139057.944322
 1932.29 -999.0 153734.38544 154194.253995 154358.395102 154358.395102
 1932.37 -999.0 160034.372816 160522.511348 160649.812901 160649.812901
 1932.45 -999.0 150851.829966 151292.373643 151356.761018 151356.761018
 1932.54 -999.0 138786.702756 139150.871279 139200.151163 139200.151163
 1932.62 -999.0 108539.397364 108808.337662 108842.827804 108842.827804
 1932.71 -999.0 79801.5122923 80003.5713717 80034.1859461 80034.1859461
 1932.79 -999.0 74682.7352376 74876.2873265 74902.0008729 74902.0008729
 1932.87 -999.0 68645.1935747 68841.971291 68889.5998465 68889.5998465
 1932.96 -999.0 67184.6535463 67391.4307077 67498.0449158 67498.0449158
 1933.04 -999.0 79354.3970012 79646.0948226 79829.589694 79829.589694
 1933.12 -999.0 88637.5168403 89160.0203402 89237.1272789 89237.1272789
 1933.2 -999.0 100497.089739 100996.243548 101134.329288 101134.329288
 1933.29 -999.0 136624.762079 137153.071708 137313.679068 137313.679068
 1933.37 -999.0 169777.038648 170372.999795 170453.823426 170453.823426
 1933.45 -999.0 164532.707656 165057.62797 165140.146259 165140.146259
 1933.54 -999.0 118581.545853 118952.31969 119011.729007 119011.729007
 1933.62 -999.0 89626.6386414 89923.7333708 89962.2579539 89962.2579539
 1933.71 -999.0 68855.7596447 69083.4841269 69109.3854337 69109.3854337
 1933.79 -999.0 53948.1421423 54160.6484031 54185.4327763 54185.4327763
 1933.87 -999.0 51738.211832 51967.9390918 52022.7892012 52022.7892012
 1933.96 -999.0 61522.6182456 61819.6648313 61917.7624201 61917.7624201
 1934.04 -999.0 71615.5631444 72013.0471024 72109.9218414 72109.9218414
 1934.12 -999.0 91661.9999209 92264.8552444 92370.954315 92370.954315
 1934.2 -999.0 130618.778607 131160.847704 131317.921316 131317.921316
 1934.29 -999.0 148095.179878 148474.253688 148721.250091 148721.250091
 1934.37 -999.0 178543.080781 179034.762689 179209.428007 179209.428007
 1934.45 -999.0 171898.596395 172454.867882 172567.331548 172567.331548
 1934.54 -999.0 154834.372537 155343.809839 155396.209434 155396.209434
 1934.62 -999.0 134841.394517 135199.468048 135236.182428 135236.182428
 1934.71 -999.0 119108.680776 119369.504047 119400.893735 119400.893735
 1934.79 -999.0 92019.1490929 92267.6668361 92296.0619862 92296.0619862
 1934.87 -999.0 66340.8534825 66580.132451 66626.2637376 66626.2637376
 1934.96 -999.0 74456.4261799 74770.2797289 74863.3559305 74863.3559305
 1935.04 -999.0 91597.054079 92036.34602 92160.7589514 92160.7589514
 1935.12 -999.0 97834.4065109 98340.916676 98476.0078785 98476.0078785
 1935.2 -999.0 110232.639933 110708.694398 110835.5434 110835.5434
 1935.29 -999.0 137053.298719 137477.983863 137590.880824 137590.880824
 1935.37 -999.0 148134.407359 148634.793647 148722.54997 148722.54997
 1935.45 -999.0 135772.368366 136261.132766 136341.648278 136341.648278
 1935.54 -999.0 117920.581092 118360.518158 118424.953677 118424.953677
 1935.62 -999.0 97283.2382561 97636.6803638 97681.3769684 97681.3769684
 1935.71 -999.0 87571.3843879 87838.0811895 87870.9729606 87870.9729606
 1935.79 -999.0 65863.6820838 66071.0080833 66103.1632558 66103.1632558
 1935.87 -999.0 54744.1066328 54989.769455 55036.0162864 55036.0162864
 1935.96 -999.0 62644.3181484 62975.3445526 63032.8088646 63032.8088646
 1936.04 -999.0 65365.909999 65731.6672633 65797.041584 65797.041584
 1936.12 -999.0 88329.3490615 88890.6467492 89005.6427743 89005.6427743
 1936.2 -999.0 112545.020022 113078.52917 113225.155601 113225.155601
 1936.29 -999.0 143567.198152 144195.232627 144357.03395 144357.03395
 1936.37 -999.0 142658.476318 143238.097496 143307.992509 143307.992509
 1936.45 -999.0 117133.460598 117615.744856 117671.967061 117671.967061
 1936.54 -999.0 99530.2103238 99943.7261316 99987.2287726 99987.2287726
 1936.62 -999.0 87039.3676942 87369.488997 87413.7523083 87413.7523083
 1936.71 -999.0 68794.6027115 69016.3188608 69057.2602573 69057.2602573
 1936.79 -999.0 42885.8769433 43080.1993313 43108.6378108 43108.6378108
 1936.87 -999.0 38222.2551765 38433.8467071 38481.7111667 38481.7111667
 1936.96 -999.0 52328.8723581 52559.8802402 52698.6062915 52698.6062915
 1937.04 -999.0 66638.550008 67020.1272899 67203.9591672 67203.9591672
 1937.12 -999.0 102832.106992 103493.765022 103705.472098 103705.472098
 1937.2 -999.0 123119.050401 123765.851288 123909.617984 123909.617984
 1937.29 -999.0 136671.596263 137249.753873 137330.596762 137330.596762
 1937.37 -999.0 163272.440576 163866.66855 163951.439965 163951.439965
 1937.45 -999.0 186790.750144 187359.423445 187463.798971 187463.798971
 1937.54 -999.0 132826.735026 133234.386932 133303.039838 133303.039838
 1937.62 -999.0 92202.7113655 92540.1119947 92584.4234497 92584.4234497
 1937.71 -999.0 70908.0097317 71173.2477795 71205.8843889 71205.8843889
 1937.79 -999.0 58771.0858324 59020.9275271 59049.332306 59049.332306
 1937.87 -999.0 60764.027704 61045.8416252 61091.0629961 61091.0629961
 1937.96 -999.0 60953.0205852 61202.2845556 61327.5544447 61327.5544447
 1938.04 -999.0 60944.4654509 61283.5222231 61418.0501444 61418.0501444
 1938.12 -999.0 90052.5562644 90691.7408187 90795.6830519 90795.6830519
 1938.2 -999.0 142918.221171 143713.834212 143891.898475 143891.898475
 1938.29 -999.0 149869.650486 150403.708472 150592.701353 150592.701353
 1938.37 -999.0 146513.341815 147048.064185 147141.068171 147141.068171
 1938.45 -999.0 146520.062675 147021.07483 147091.017987 147091.017987
 1938.54 -999.0 141175.275054 141591.881686 141663.538759 141663.538759
 1938.62 -999.0 128078.245557 128432.71794 128504.31724 128504.31724
 1938.71 -999.0 97203.9359651 97481.2917803 97531.842658 97531.842658
 1938.79 -999.0 72238.7206633 72475.5298603 72513.3563599 72513.3563599
 1938.87 -999.0 61005.1457616 61243.8710776 61297.3635349 61297.3635349
 1938.96 -999.0 69486.6586694 69786.5746192 69890.3676069 69890.3676069
 1939.04 -999.0 71762.9598748 72181.3767105 72291.9387015 72291.9387015
 1939.12 -999.0 85606.8135945 86186.8488076 86320.5919867 86320.5919867
 1939.2 -999.0 110593.515427 111169.949491 111346.453899 111346.453899
 1939.29 -999.0 137591.371889 138114.597545 138325.033627 138325.033627
 1939.37 -999.0 153098.975351 153711.594215 153862.505436 153862.505436
 1939.45 -999.0 174608.007892 175226.808406 175384.642689 175384.642689
 1939.54 -999.0 132865.509956 133353.581087 133453.267417 133453.267417
 1939.62 -999.0 101648.735019 102025.27647 102083.405165 102083.405165
 1939.71 -999.0 86416.9178876 86736.9771586 86778.2459322 86778.2459322
 1939.79 -999.0 68696.8565716 68994.6204984 69030.8197411 69030.8197411
 1939.87 -999.0 56790.7816801 57081.0063045 57107.8030841 57107.8030841
 1939.96 -999.0 63160.0237589 63501.3962427 63562.0139666 63562.0139666
 1940.04 -999.0 77730.0913867 78166.8750413 78284.6537718 78284.6537718
 1940.12 -999.0 93281.3226631 93741.7304278 93924.0987369 93924.0987369
 1940.2 -999.0 116949.185798 117438.402749 117622.013165 117622.013165
 1940.29 -999.0 129522.893352 130111.787005 130200.111424 130200.111424
 1940.37 -999.0 116684.385858 117155.635582 117231.538929 117231.538929
 1940.45 -999.0 130227.803676 130749.507991 130819.123771 130819.123771
 1940.54 -999.0 115167.840272 115611.908067 115678.98186 115678.98186
 1940.62 -999.0 93019.247656 93389.0201043 93455.0058499 93455.0058499
 1940.71 -999.0 75731.8200082 76047.0071375 76093.2443402 76093.2443402
 1940.79 -999.0 60739.8162408 61053.8719932 61076.9472653 61076.9472653
 1940.87 -999.0 65973.3245302 66321.5478616 66347.834318 66347.834318
 1940.96 -999.0 71649.4948192 72010.8565644 72052.0820087 72052.0820087
 1941.04 -999.0 80678.632606 81082.0960107 81189.1001827 81189.1001827
 1941.12 -999.0 120734.830294 121155.15362 121500.363156 121500.363156
 1941.2 -999.0 150174.631152 150799.382227 151024.993201 151024.993201
 1941.29 -999.0 152889.319197 153509.968429 153642.912423 153642.912423
 1941.37 -999.0 151599.684464 152127.531914 152254.409802 152254.409802
 1941.45 -999.0 130565.300593 131022.059065 131128.427741 131128.427741
 1941.54 -999.0 114259.63839 114724.302057 114784.982368 114784.982368
 1941.62 -999.0 103498.011296 103910.612374 103956.685888 103956.685888
 1941.71 -999.0 72628.6749477 72915.6835734 72943.8861488 72943.8861488
 1941.79 -999.0 51047.9179333 51314.2055135 51335.5716845 51335.5716845
 1941.87 -999.0 44890.0314811 45153.8492899 45210.5288596 45210.5288596
 1941.96 -999.0 48083.3593073 48345.7135479 48476.6355066 48476.6355066
 1942.04 -999.0 59758.7103646 60123.7695454 60291.6321597 60291.6321597
 1942.12 -999.0 84134.8009241 84715.0479694 84904.4452576 84904.4452576
 1942.2 -999.0 98192.4896706 98806.4276722 98992.1852972 98992.1852972
 1942.29 -999.0 128374.358155 128953.160889 129136.415042 129136.415042
 1942.37 -999.0 161592.553068 162244.091294 162394.030012 162394.030012
 1942.45 -999.0 129256.158036 129857.549791 129924.180662 129924.180662
 1942.54 -999.0 112738.750242 113344.080152 113396.364202 113396.364202
 1942.62 -999.0 94613.9497136 95060.5017235 95120.9028007 95120.9028007
 1942.71 -999.0 67197.1420203 67498.7815143 67538.370073 67538.370073
 1942.79 -999.0 60010.5933519 60310.0711941 60350.7381716 60350.7381716
 1942.87 -999.0 54904.4925316 55210.9993529 55260.3418239 55260.3418239
 1942.96 -999.0 55177.3035822 55474.3405392 55598.4790516 55598.4790516
 1943.04 -999.0 71446.9880034 71826.6780525 72056.5256715 72056.5256715
 1943.12 -999.0 88339.6903267 89013.2591065 89190.7937888 89190.7937888
 1943.2 -999.0 117507.700781 118313.568429 118416.60556 118416.60556
 1943.29 -999.0 154922.090346 155695.942438 155806.104836 155806.104836
 1943.37 -999.0 168694.113675 169398.975856 169523.148069 169523.148069
 1943.45 -999.0 161267.573512 161846.790282 161938.648448 161938.648448
 1943.54 -999.0 135241.536007 135670.42891 135772.474282 135772.474282
 1943.62 -999.0 121040.562002 121416.20798 121490.551471 121490.551471
 1943.71 -999.0 95943.4185379 96275.590762 96317.5913198 96317.5913198
 1943.79 -999.0 65863.436551 66112.2768569 66153.8681933 66153.8681933
 1943.87 -999.0 49200.4759306 49402.8431297 49493.0981109 49493.0981109
 1943.96 -999.0 46811.9951061 47093.6357101 47180.3328724 47180.3328724
 1944.04 -999.0 64274.9931735 64699.7023898 64830.995055 64830.995055
 1944.12 -999.0 96750.2586886 97487.7334065 97669.3121589 97669.3121589
 1944.2 -999.0 136106.687799 136903.302229 137093.450559 137093.450559
 1944.29 -999.0 149863.73844 150580.395825 150695.728856 150695.728856
 1944.37 -999.0 174399.911593 175105.852192 175199.655363 175199.655363
 1944.45 -999.0 159049.670606 159626.730539 159712.484085 159712.484085
 1944.54 -999.0 140337.23779 140787.949415 140865.990341 140865.990341
 1944.62 -999.0 130268.677671 130585.540201 130662.204218 130662.204218
 1944.71 -999.0 89620.5436498 89843.4008046 89891.8526173 89891.8526173
 1944.79 -999.0 60376.0136104 60589.9304814 60632.0947277 60632.0947277
 1944.87 -999.0 56781.9713843 56991.9452869 57086.6920747 57086.6920747
 1944.96 -999.0 67140.92463 67401.1412905 67582.9607614 67582.9607614
 1945.04 -999.0 76231.4263678 76765.9994916 76896.0259776 76896.0259776
 1945.12 -999.0 100195.845023 100928.043192 101081.804519 101081.804519
 1945.2 -999.0 130828.608078 131531.871888 131681.329168 131681.329168
 1945.29 -999.0 153435.721226 153999.252781 154165.752929 154165.752929
 1945.37 -999.0 168933.561147 169550.204824 169694.847735 169694.847735
 1945.45 -999.0 159043.931878 159649.136614 159755.919325 159755.919325
 1945.54 -999.0 133056.014549 133583.16873 133675.643135 133675.643135
 1945.62 -999.0 108668.74021 109035.604779 109109.851982 109109.851982
 1945.71 -999.0 78600.100877 78870.2592101 78919.6546391 78919.6546391
 1945.79 -999.0 54767.2637491 54990.5878977 55053.7283511 55053.7283511
 1945.87 -999.0 47900.1099687 48113.6079896 48222.6823405 48222.6823405
 1945.96 -999.0 55213.3343221 55500.7666123 55655.8807767 55655.8807767
 1946.04 -999.0 85298.5013847 85854.7824996 86022.6499283 86022.6499283
 1946.12 -999.0 132973.563661 133872.050145 134047.023583 134047.023583
 1946.2 -999.0 158136.529181 158814.584953 159070.064274 159070.064274
 1946.29 -999.0 153009.379938 153621.382564 153757.070748 153757.070748
 1946.37 -999.0 163969.541993 164607.811817 164711.898482 164711.898482
 1946.45 -999.0 152146.500529 152762.306506 152830.2854 152830.2854
 1946.54 -999.0 131668.744407 132122.508342 132210.649815 132210.649815
 1946.62 -999.0 102793.370577 103131.50299 103215.513734 103215.513734
 1946.71 -999.0 75459.2256042 75729.5331828 75778.7649233 75778.7649233
 1946.79 -999.0 60188.1232198 60467.2844236 60497.7016088 60497.7016088
 1946.87 -999.0 45245.6785699 45507.2480682 45541.5167489 45541.5167489
 1946.96 -999.0 45499.1599278 45773.737852 45865.7260062 45865.7260062
 1947.04 -999.0 62065.2024799 62472.8736433 62601.1428845 62601.1428845
 1947.12 -999.0 94655.5843793 95372.6654288 95580.8194998 95580.8194998
 1947.2 -999.0 118905.350703 119674.590629 119783.780525 119783.780525
 1947.29 -999.0 125816.348944 126434.427304 126494.000309 126494.000309
 1947.37 -999.0 135439.050322 136064.359864 136084.869077 136084.869077
 1947.45 -999.0 134837.109729 135452.963849 135480.723503 135480.723503
 1947.54 -999.0 120254.308094 120831.146566 120886.675501 120886.675501
 1947.62 -999.0 123620.515107 124147.698174 124228.521806 124228.521806
 1947.71 -999.0 109444.623966 109816.71694 109898.156811 109898.156811
 1947.79 -999.0 68074.6089686 68377.5531567 68419.05302 68419.05302
 1947.87 -999.0 55254.2468324 55592.8799401 55631.1975053 55631.1975053
 1947.96 -999.0 82091.1589294 82662.0275833 82769.2821025 82769.2821025
 1948.04 -999.0 104084.998458 104743.787124 104888.757413 104888.757413
 1948.12 -999.0 130686.930819 131412.128895 131545.005487 131545.005487
 1948.2 -999.0 171011.154074 171856.692125 171993.073578 171993.073578
 1948.29 -999.0 174726.749496 175476.250508 175578.661772 175578.661772
 1948.37 -999.0 203039.67019 203757.66597 203834.118154 203834.118154
 1948.45 -999.0 184358.684834 184929.68829 185012.43767 185012.43767
 1948.54 -999.0 148144.036098 148535.030286 148640.792351 148640.792351
 1948.62 -999.0 111674.360591 111938.496149 112021.303301 112021.303301
 1948.71 -999.0 67726.799673 67977.2383495 68011.5118445 68011.5118445
 1948.79 -999.0 54422.5837935 54702.2986498 54732.9180385 54732.9180385
 1948.87 -999.0 46975.2936984 47287.1829846 47322.3760242 47322.3760242
 1948.96 -999.0 62551.3960066 62959.6497087 63039.2553051 63039.2553051
 1949.04 -999.0 86689.6519084 87244.9990357 87383.1136621 87383.1136621
 1949.12 -999.0 118592.590016 119360.751523 119586.853563 119586.853563
 1949.2 -999.0 142420.829421 143127.983241 143332.536164 143332.536164
 1949.29 -999.0 159912.569273 160636.583014 160790.931694 160790.931694
 1949.37 -999.0 204532.548337 205287.807335 205423.591807 205423.591807
 1949.45 -999.0 203747.883171 204424.12874 204511.769519 204511.769519
 1949.54 -999.0 180617.207362 181168.028983 181250.528015 181250.528015
 1949.62 -999.0 154679.186157 155070.459579 155160.035734 155160.035734
 1949.71 -999.0 123188.955043 123481.986445 123553.01765 123553.01765
 1949.79 -999.0 88892.1680899 89157.04506 89217.7927718 89217.7927718
 1949.87 -999.0 65819.4669162 66105.2141772 66171.6139585 66171.6139585
 1949.96 -999.0 77333.2429254 77786.4724655 77889.9380761 77889.9380761
 1950.04 -999.0 82279.0445056 82841.093235 82990.9838087 82990.9838087
 1950.12 -999.0 95201.6494026 95839.3415024 95994.8456307 95994.8456307
 1950.2 -999.0 114907.575467 115558.699657 115693.858261 115693.858261
 1950.29 -999.0 145118.69606 145795.625269 145922.79202 145922.79202
 1950.37 -999.0 165719.89261 166513.185126 166664.529639 166664.529639
 1950.45 -999.0 156081.611934 156794.331165 156921.218682 156921.218682
 1950.54 -999.0 131931.166049 132498.780189 132609.905461 132609.905461
 1950.62 -999.0 124601.529511 125062.158736 125171.858955 125171.858955
 1950.71 -999.0 116935.35893 117229.083601 117327.133046 117327.133046
 1950.79 -999.0 64630.7750646 64835.910526 64894.4532567 64894.4532567
 1950.87 -999.0 41144.5003107 41393.6824368 41441.4843096 41441.4843096
 1950.96 -999.0 49295.1168023 49636.5181723 49726.8983271 49726.8983271
 1951.04 -999.0 60310.1578528 60830.0375214 60927.5622003 60927.5622003
 1951.12 -999.0 90124.8199476 90917.2555054 91086.5865023 91086.5865023
 1951.2 -999.0 119227.566811 120065.286327 120232.075337 120232.075337
 1951.29 -999.0 167523.393864 168651.901285 168760.417169 168760.417169
 1951.37 -999.0 184162.913321 185112.634323 185208.478787 185208.478787
 1951.45 -999.0 169314.936225 169993.492692 170081.826739 170081.826739
 1951.54 -999.0 143561.883088 144077.800531 144161.782389 144161.782389
 1951.62 -999.0 117965.412498 118330.19726 118442.063945 118442.063945
 1951.71 -999.0 79792.3746193 80035.1343768 80107.0321679 80107.0321679
 1951.79 -999.0 60454.0930517 60705.7690211 60769.1213067 60769.1213067
 1951.87 -999.0 51200.884889 51503.8483346 51545.3481979 51545.3481979
 1951.96 -999.0 55208.5584677 55643.5848775 55689.1047392 55689.1047392
 1952.04 -999.0 73727.1118181 74378.4767266 74475.7221721 74475.7221721
 1952.12 -999.0 91519.4657034 92379.9860718 92486.210316 92486.210316
 1952.2 -999.0 122633.983437 123316.564716 123497.527229 123497.527229
 1952.29 -999.0 142499.274754 143184.224703 143368.682448 143368.682448
 1952.37 -999.0 134191.637608 134906.966227 135001.154548 135001.154548
 1952.45 -999.0 128613.276046 129353.620128 129439.652907 129439.652907
 1952.54 -999.0 103601.857242 104186.860884 104296.378157 104296.378157
 1952.62 -999.0 88770.2971455 89182.6286184 89291.1637599 89291.1637599
 1952.71 -999.0 70812.8777944 71123.5779314 71194.9124413 71194.9124413
 1952.79 -999.0 56006.814598 56289.1629142 56344.7929514 56344.7929514
 1952.87 -999.0 49198.3624225 49512.9621986 49584.888876 49584.888876
 1952.96 -999.0 49972.9414845 50393.8232773 50459.4286877 50459.4286877
 1953.04 -999.0 55537.9624295 56044.0152295 56141.039214 56141.039214
 1953.12 -999.0 83195.478959 83985.0451527 84179.4301275 84179.4301275
 1953.2 -999.0 162648.633118 163848.373947 164084.778737 164084.778737
 1953.29 -999.0 199709.282084 200659.099374 200811.117899 200811.117899
 1953.37 -999.0 193696.866615 194477.449195 194621.552897 194621.552897
 1953.45 -999.0 195461.852914 196177.499282 196317.019704 196317.019704
 1953.54 -999.0 148876.070578 149450.944788 149564.217268 149564.217268
 1953.62 -999.0 110202.193861 110584.93622 110699.643383 110699.643383
 1953.71 -999.0 73533.6415734 73790.5026186 73856.3439331 73856.3439331
 1953.79 -999.0 52318.7092245 52574.3329768 52624.4794474 52624.4794474
 1953.87 -999.0 54440.0743972 54792.7606489 54854.2882885 54854.2882885
 1953.96 -999.0 78529.2333609 79082.8858302 79199.1721062 79199.1721062
 1954.04 -999.0 113353.680004 114137.786703 114347.924294 114347.924294
 1954.12 -999.0 152867.981912 153707.694576 153940.151584 153940.151584
 1954.2 -999.0 162137.231553 162904.064295 163139.332894 163139.332894
 1954.29 -999.0 172366.745666 173053.94874 173297.305479 173297.305479
 1954.37 -999.0 191636.778734 192461.114303 192617.446503 192617.446503
 1954.45 -999.0 164146.287119 164852.092916 164952.886551 164952.886551
 1954.54 -999.0 128492.233173 128987.602887 129100.018411 129100.018411
 1954.62 -999.0 106938.494399 107356.17945 107464.493131 107464.493131
 1954.71 -999.0 78888.3612387 79204.0875773 79276.0383265 79276.0383265
 1954.79 -999.0 60739.7055103 61032.6935827 61089.132434 61089.132434
 1954.87 -999.0 51276.0612656 51597.0111949 51641.428566 51641.428566
 1954.96 -999.0 64632.4793513 65140.0823783 65200.9552637 65200.9552637
 1955.04 -999.0 81243.3003522 81919.3533466 82037.2283645 82037.2283645
 1955.12 -999.0 106001.752936 106925.948153 107105.35081 107105.35081
 1955.2 -999.0 148383.050276 149298.935891 149491.722496 149491.722496
 1955.29 -999.0 202331.495724 203335.330237 203516.697158 203516.697158
 1955.37 -999.0 208208.800733 209042.822813 209188.428598 209188.428598
 1955.45 -999.0 180366.667584 181014.469859 181152.276366 181152.276366
 1955.54 -999.0 150336.807996 150845.166879 150966.970422 150966.970422
 1955.62 -999.0 117638.31462 118006.825703 118118.278352 118118.278352
 1955.71 -999.0 101565.754549 101860.827244 101959.107779 101959.107779
 1955.79 -999.0 77715.9612128 78003.6053353 78070.8380025 78070.8380025
 1955.87 -999.0 61429.2291099 61776.1092323 61833.0247061 61833.0247061
 1955.96 -999.0 58768.5197735 59127.0843701 59223.0588221 59223.0588221
 1956.04 -999.0 67143.3944014 67658.7726348 67805.8997605 67805.8997605
 1956.12 -999.0 90745.5269525 91517.9251053 91702.402108 91702.402108
 1956.2 -999.0 141896.708293 142793.095713 143039.735852 143039.735852
 1956.29 -999.0 159514.324645 160522.1936 160642.456545 160642.456545
 1956.37 -999.0 172170.550488 173007.750052 173115.245289 173115.245289
 1956.45 -999.0 169341.838921 170018.065232 170132.782024 170132.782024
 1956.54 -999.0 153914.741342 154391.729795 154531.211702 154531.211702
 1956.62 -999.0 109941.303189 110252.080356 110379.179705 110379.179705
 1956.71 -999.0 96959.8859566 97254.7949623 97357.9572676 97357.9572676
 1956.79 -999.0 77885.8314191 78194.0569703 78275.5594282 78275.5594282
 1956.87 -999.0 61376.5117661 61741.6720487 61806.1701542 61806.1701542
 1956.96 -999.0 83655.9348675 84234.1791351 84343.2342285 84343.2342285
 1957.04 -999.0 98669.9114164 99456.1556953 99572.3745701 99572.3745701
 1957.12 -999.0 126159.478673 126955.265032 127155.687226 127155.687226
 1957.2 -999.0 129965.593867 130643.688154 130823.360416 130823.360416
 1957.29 -999.0 136219.536615 136967.342969 137100.267706 137100.267706
 1957.37 -999.0 149750.225241 150542.747457 150673.871619 150673.871619
 1957.45 -999.0 149788.720938 150504.993173 150649.453138 150649.453138
 1957.54 -999.0 140814.206985 141431.447644 141591.390621 141591.390621
 1957.62 -999.0 106673.232279 107077.234893 107221.771888 107221.771888
 1957.71 -999.0 64938.3651191 65222.7210273 65329.7781574 65329.7781574
 1957.79 -999.0 51746.0111103 52058.6225519 52128.6619965 52128.6619965
 1957.87 -999.0 44773.0374928 45114.7951261 45202.9606711 45202.9606711
 1957.96 -999.0 53245.4753145 53686.2308237 53848.1284345 53848.1284345
 1958.04 -999.0 71223.7745853 71956.9163707 72131.191725 72131.191725
 1958.12 -999.0 100515.77912 101460.098401 101692.305061 101692.305061
 1958.2 -999.0 129343.635126 130296.215864 130521.740179 130521.740179
 1958.29 -999.0 160675.752723 161606.476224 161746.882491 161746.882491
 1958.37 -999.0 181223.875666 182193.951823 182330.294761 182330.294761
 1958.45 -999.0 168196.981902 168996.571612 169126.88696 169126.88696
 1958.54 -999.0 128060.827169 128755.964323 128840.495019 128840.495019
 1958.62 -999.0 95519.5807223 96037.9534934 96097.4109543 96097.4109543
 1958.71 -999.0 65466.2462695 65854.9584467 65904.1613009 65904.1613009
 1958.79 -999.0 48985.586557 49310.3783529 49357.6987888 49357.6987888
 1958.87 -999.0 43799.9475414 44150.0725487 44230.1788394 44230.1788394
 1958.96 -999.0 58279.0909907 58758.0629634 58920.9908492 58920.9908492
 1959.04 -999.0 78236.1875161 79030.1203427 79192.9086118 79192.9086118
 1959.12 -999.0 104873.303287 105784.085671 106017.572953 106017.572953
 1959.2 -999.0 148003.812778 148901.086041 149208.878299 149208.878299
 1959.29 -999.0 156277.672309 157052.025096 157258.975574 157258.975574
 1959.37 -999.0 164839.113376 165678.277202 165823.7867 165823.7867
 1959.45 -999.0 153818.42507 154653.814431 154802.703616 154802.703616
 1959.54 -999.0 132945.370714 133746.327705 133848.719712 133848.719712
 1959.62 -999.0 115907.606629 116566.857475 116674.97858 116674.97858
 1959.71 -999.0 98491.019082 98971.0694735 99070.5150857 99070.5150857
 1959.79 -999.0 72347.3135771 72748.2590667 72803.2632359 72803.2632359
 1959.87 -999.0 54633.1257917 55019.3537543 55068.4410637 55068.4410637
 1959.96 -999.0 52783.3103049 53268.7190894 53348.4980031 53348.4980031
 1960.04 -999.0 62725.165852 63286.7283301 63442.6561229 63442.6561229
 1960.12 -999.0 88921.1794793 89781.9887099 89996.0837126 89996.0837126
 1960.2 -999.0 116497.010605 117560.812903 117796.871058 117796.871058
 1960.29 -999.0 141778.87179 142747.128114 143021.845655 143021.845655
 1960.37 -999.0 159393.561005 160391.030923 160599.204251 160599.204251
 1960.45 -999.0 144733.074708 145635.075682 145764.264468 145764.264468
 1960.54 -999.0 120723.641699 121427.175114 121532.099478 121532.099478
 1960.62 -999.0 92621.6192669 93147.7239151 93244.4831092 93244.4831092
 1960.71 -999.0 78456.1801212 78883.1328336 78996.3234702 78996.3234702
 1960.79 -999.0 65128.3545747 65517.3989433 65615.0391671 65615.0391671
 1960.87 -999.0 59973.9608159 60475.7480848 60524.4309871 60524.4309871
 1960.96 -999.0 60196.1150728 60683.9647426 60864.5565493 60864.5565493
 1961.04 -999.0 75621.9657296 76430.5534964 76623.4315736 76623.4315736
 1961.12 -999.0 95586.8470902 96585.8383483 96777.8835396 96777.8835396
 1961.2 -999.0 120048.397519 121131.938731 121326.737741 121326.737741
 1961.29 -999.0 124922.397596 125721.091833 125949.706974 125949.706974
 1961.37 -999.0 139054.333545 139951.154258 140089.288142 140089.288142
 1961.45 -999.0 136564.52469 137376.073294 137499.176717 137499.176717
 1961.54 -999.0 130793.780931 131540.037058 131656.66034 131656.66034
 1961.62 -999.0 106395.587602 107029.380063 107141.728184 107141.728184
 1961.71 -999.0 88646.5004534 89087.7759145 89205.3139266 89205.3139266
 1961.79 -999.0 65129.7699993 65454.3788492 65534.2877508 65534.2877508
 1961.87 -999.0 58377.0634059 58757.6200414 58806.3944168 58806.3944168
 1961.96 -999.0 61155.2337244 61601.7472194 61704.196998 61704.196998
 1962.04 -999.0 76666.1928017 77284.8007416 77485.7477017 77485.7477017
 1962.12 -999.0 114855.455105 115940.373227 116150.395273 116150.395273
 1962.2 -999.0 150233.607176 151272.442154 151514.479756 151514.479756
 1962.29 -999.0 158807.748549 159730.085419 159956.225974 159956.225974
 1962.37 -999.0 170157.720457 171084.428775 171224.969843 171224.969843
 1962.45 -999.0 180517.434373 181459.79902 181591.346846 181591.346846
 1962.54 -999.0 162259.189156 162985.369364 163101.934873 163101.934873
 1962.62 -999.0 128403.687293 128946.20894 129065.691957 129065.691957
 1962.71 -999.0 89916.8103077 90287.6804322 90389.6776602 90389.6776602
 1962.79 -999.0 67262.9881491 67610.6770855 67683.9180856 67683.9180856
 1962.87 -999.0 55223.0641624 55612.2818483 55674.4160985 55674.4160985
 1962.96 -999.0 54881.1139543 55389.9253879 55465.3521117 55465.3521117
 1963.04 -999.0 70890.9909362 71665.1704056 71741.661105 71741.661105
 1963.12 -999.0 89802.6616116 90829.9902475 90994.7957373 90994.7957373
 1963.2 -999.0 117623.524877 118641.658068 118927.987867 118927.987867
 1963.29 -999.0 141960.826063 142947.665853 143204.830204 143204.830204
 1963.37 -999.0 184604.236926 185655.310031 185893.948688 185893.948688
 1963.45 -999.0 181007.67197 181908.902645 182056.665268 182056.665268
 1963.54 -999.0 151277.468356 151931.250078 152066.543484 152066.543484
 1963.62 -999.0 104525.147357 104976.764083 105090.989809 105090.989809
 1963.71 -999.0 79308.4582893 79664.6879168 79749.2619423 79749.2619423
 1963.79 -999.0 64437.3288918 64788.4215873 64829.8973788 64829.8973788
 1963.87 -999.0 50765.4492578 51178.2573533 51205.0637616 51205.0637616
 1963.96 -999.0 45998.8818322 46484.2617305 46522.0304577 46522.0304577
 1964.04 -999.0 67180.5757755 67895.3651852 68010.6885874 68010.6885874
 1964.12 -999.0 83829.2521622 84745.9465916 84913.9391939 84913.9391939
 1964.2 -999.0 105500.278601 106507.078766 106649.10266 106649.10266
 1964.29 -999.0 118940.110449 119826.695813 120016.33382 120016.33382
 1964.37 -999.0 129419.779191 130276.332519 130485.603523 130485.603523
 1964.45 -999.0 162078.611793 163091.80544 163219.193652 163219.193652
 1964.54 -999.0 147812.066077 148685.402297 148813.936328 148813.936328
 1964.62 -999.0 131221.884278 131815.139749 131979.974125 131979.974125
 1964.71 -999.0 112750.487675 113140.3553 113287.29948 113287.29948
 1964.79 -999.0 77586.3535769 78005.4299812 78083.3216621 78083.3216621
 1964.87 -999.0 77123.3460528 77655.5745787 77728.3389563 77728.3389563
 1964.96 -999.0 91001.0255312 91634.8757642 91786.7787444 91786.7787444
 1965.04 -999.0 105740.592659 106678.845834 106862.128873 106862.128873
 1965.12 -999.0 120386.144783 121347.189182 121600.550181 121600.550181
 1965.2 -999.0 127986.358504 128879.03886 129080.549101 129080.549101
 1965.29 -999.0 144783.105633 145653.312513 145801.03662 145801.03662
 1965.37 -999.0 145409.329905 146259.066087 146395.765288 146395.765288
 1965.45 -999.0 147509.492596 148419.158046 148546.527 148546.527
 1965.54 -999.0 147627.098009 148569.337482 148697.476735 148697.476735
 1965.62 -999.0 112833.477772 113448.850456 113563.316901 113563.316901
 1965.71 -999.0 74633.7153294 75069.8827447 75151.0241248 75151.0241248
 1965.79 -999.0 60087.3632847 60510.806322 60601.7834586 60601.7834586
 1965.87 -999.0 52546.607024 53016.2920784 53081.8156445 53081.8156445
 1965.96 -999.0 60857.4649833 61383.8199787 61530.6437992 61530.6437992
 1966.04 -999.0 80272.1361486 81183.0533349 81306.4263625 81306.4263625
 1966.12 -999.0 108556.940926 109567.188179 109801.243557 109801.243557
 1966.2 -999.0 123160.704324 124049.571699 124358.143885 124358.143885
 1966.29 -999.0 130297.525372 131188.771046 131480.935861 131480.935861
 1966.37 -999.0 120941.463024 121852.081719 122069.614182 122069.614182
 1966.45 -999.0 130913.283206 131819.222334 131989.082911 131989.082911
 1966.54 -999.0 128888.802401 129804.466555 129933.741999 129933.741999
 1966.62 -999.0 103298.426802 104038.404992 104178.830516 104178.830516
 1966.71 -999.0 100773.193818 101313.375682 101488.079515 101488.079515
 1966.79 -999.0 78162.8405998 78623.3253945 78722.8047073 78722.8047073
 1966.87 -999.0 59705.1986498 60135.9354566 60245.4190288 60245.4190288
 1966.96 -999.0 58173.4107702 58768.4379292 58884.0694511 58884.0694511
 1967.04 -999.0 68121.7849733 68892.5799411 69080.3884874 69080.3884874
 1967.12 -999.0 101033.814886 102259.360734 102502.977449 102502.977449
 1967.2 -999.0 144892.36293 146168.58483 146442.570587 146442.570587
 1967.29 -999.0 137282.5975 138335.567467 138595.803385 138595.803385
 1967.37 -999.0 163975.165177 165275.949989 165452.656599 165452.656599
 1967.45 -999.0 164784.268081 165927.680789 166039.431929 166039.431929
 1967.54 -999.0 129325.427181 130104.87357 130216.643968 130216.643968
 1967.62 -999.0 113071.846825 113617.103034 113771.384313 113771.384313
 1967.71 -999.0 119524.825229 119962.412883 120082.839517 120082.839517
 1967.79 -999.0 79997.9867033 80342.2959524 80423.6202786 80423.6202786
 1967.87 -999.0 43334.0706532 43691.320927 43738.0106804 43738.0106804
 1967.96 -999.0 45871.016998 46303.0970138 46391.474391 46391.474391
 1968.04 110677.0 54089.94939 54763.8022176 54905.3302318 54905.3302318
 1968.12 143692.0 65707.0850937 66764.156903 66918.1782056 66918.1782056
 1968.2 155401.0 86597.1775029 87917.4123668 88033.9008464 88033.9008464
 1968.29 174852.0 129818.360825 131448.535155 131615.776716 131615.776716
 1968.37 205217.0 150449.185004 151994.953812 152115.573021 152115.573021
 1968.45 203824.0 147929.854437 149156.66165 149245.409734 149245.409734
 1968.54 181120.0 113795.667992 114630.258167 114773.321965 114773.321965
 1968.62 158155.0 103796.184444 104367.630822 104561.707677 104561.707677
 1968.71 140385.0 92233.5522152 92759.7338933 92878.648815 92878.648815
 1968.79 129922.0 78472.2601146 79071.5046612 79144.8708349 79144.8708349
 1968.87 120643.0 70170.2750379 70767.0546274 70835.4860726 70835.4860726
 1968.96 121371.0 77166.4442867 77935.6023689 78048.6389457 78048.6389457
 1969.04 -999.0 91463.5997621 92527.1035688 92685.6792648 92685.6792648
 1969.12 -999.0 112311.494224 113773.252288 113908.834556 113908.834556
 1969.2 -999.0 116490.597865 117767.455262 117930.171315 117930.171315
 1969.29 -999.0 131207.845577 132498.192836 132645.926572 132645.926572
 1969.37 -999.0 155307.990931 156679.036649 156748.055447 156748.055447
 1969.45 -999.0 133567.29094 134662.251836 134727.948719 134727.948719
 1969.54 -999.0 110807.957064 111731.574556 111825.35847 111825.35847
 1969.62 -999.0 89256.4425285 89932.9962173 90017.7291169 90017.7291169
 1969.71 -999.0 69245.4154382 69772.3577867 69864.2352104 69864.2352104
 1969.79 -999.0 56971.4986605 57463.6379333 57551.6542328 57551.6542328
 1969.87 -999.0 53895.0733495 54458.3112281 54561.2280006 54561.2280006
 1969.96 -999.0 70513.4817965 71319.3253727 71420.0419784 71420.0419784
 1970.04 114807.0 75364.0551519 76347.1108477 76468.7988461 76468.7988461
 1970.12 140970.0 87202.5940709 88412.6954228 88522.2030668 88522.2030668
 1970.2 172475.0 120869.035652 122434.639662 122557.93566 122557.93566
 1970.29 203208.0 171721.273545 173433.032178 173549.597688 173549.597688
 1970.37 228385.0 214052.713277 215713.381823 215816.274524 215816.274524
 1970.45 228453.0 207953.273268 209268.212326 209383.102435 209383.102435
 1970.54 216023.0 172699.611159 173656.572973 173831.103489 173831.103489
 1970.62 191241.0 133624.870797 134274.44476 134455.73465 134455.73465
 1970.71 156020.0 103492.09925 104027.543775 104207.023463 104207.023463
 1970.79 124266.0 71116.5826528 71592.5600879 71713.8292361 71713.8292361
 1970.87 99953.3 61507.2507788 62090.7619665 62192.7447513 62192.7447513
 1970.96 97980.0 65827.376925 66526.8084966 66652.2468887 66652.2468887
 1971.04 116467.0 67895.1340955 68677.6472381 68848.4466177 68848.4466177
 1971.12 152686.0 86572.3546148 87676.1932075 87929.4482901 87929.4482901
 1971.2 186702.0 127219.496876 128986.264493 129208.717241 129208.717241
 1971.29 225844.0 182181.415205 183987.612506 184259.200707 184259.200707
 1971.37 247209.0 215413.061466 216925.466695 217117.309683 217117.309683
 1971.45 253240.0 171576.438059 172582.102033 172729.768369 172729.768369
 1971.54 241988.0 139522.839079 140347.858288 140500.945603 140500.945603
 1971.62 214654.0 119704.401204 120356.324579 120502.912496 120502.912496
 1971.71 176482.0 90914.6653747 91422.7835392 91559.7716032 91559.7716032
 1971.79 139698.0 60892.8217115 61333.7986817 61446.2238336 61446.2238336
 1971.87 125692.0 54699.5977886 55277.2113739 55372.0303772 55372.0303772
 1971.96 131461.0 77496.4741165 78499.1242953 78674.3384515 78674.3384515
 1972.04 134658.0 83185.6287594 84306.8183391 84526.0839744 84526.0839744
 1972.12 168333.0 106543.590943 108044.720919 108255.099228 108255.099228
 1972.2 203850.0 160244.000084 161945.022673 162151.424314 162151.424314
 1972.29 223766.0 147102.668761 148387.941675 148590.174072 148590.174072
 1972.37 242833.0 162719.962813 164019.919554 164220.216574 164220.216574
 1972.45 243475.0 157339.221482 158406.75973 158607.653732 158607.653732
 1972.54 228400.0 132918.063611 133768.281229 133933.69333 133933.69333
 1972.62 199288.0 119872.59601 120540.51272 120657.078229 120657.078229
 1972.71 166742.0 96946.7523571 97496.774792 97603.7115629 97603.7115629
 1972.79 137139.0 80146.6496129 80713.7052863 80821.7638052 80821.7638052
 1972.87 114495.0 64082.2354555 64680.7867329 64780.1890158 64780.1890158
 1972.96 121329.0 67080.7546425 67931.7233022 68079.4955534 68079.4955534
 1973.04 139765.0 99543.9120188 100982.079673 101179.72879 101179.72879
 1973.12 150884.0 118708.385226 120111.21541 120360.638254 120360.638254
 1973.2 171515.0 144038.601936 145367.753012 145629.452498 145629.452498
 1973.29 196088.0 165410.694556 166765.246245 166920.538541 166920.538541
 1973.37 225403.0 180791.063867 182146.270309 182287.427617 182287.427617
 1973.45 238918.0 187460.294111 188753.953656 188870.076244 188870.076244
 1973.54 231015.0 143231.395893 144344.940255 144426.380126 144426.380126
 1973.62 212303.0 117663.590058 118626.059511 118720.690754 118720.690754
 1973.71 182676.0 116392.750623 117187.718539 117291.68003 117291.68003
 1973.79 155520.0 99833.3133861 100560.523869 100693.015312 100693.015312
 1973.87 135060.0 84075.1412597 84817.1029698 85047.2683372 85047.2683372
 1973.96 139430.0 96509.7809421 97655.051997 97878.8046246 97878.8046246
 1974.04 154025.0 107184.056119 108721.756044 109057.317585 109057.317585
 1974.12 181269.0 120368.30273 121884.674999 122212.706866 122212.706866
 1974.2 208400.0 146122.309112 147607.570927 147903.279118 147903.279118
 1974.29 233098.0 167175.276449 168698.831757 169048.87492 169048.87492
 1974.37 249576.0 192236.803209 193773.935038 193991.891165 193991.891165
 1974.45 248789.0 158180.542145 159243.75709 159413.531009 159413.531009
 1974.54 234562.0 126342.636539 127312.529749 127446.966197 127446.966197
 1974.62 210922.0 112115.058328 113072.126059 113190.858034 113190.858034
 1974.71 178481.0 98450.1258292 99154.1310517 99368.6689764 99368.6689764
 1974.79 147493.0 89312.2218112 90009.2365695 90177.4506328 90177.4506328
 1974.87 134735.0 81500.63802 82343.1526472 82471.7348224 82471.7348224
 1974.96 135048.0 93262.9510299 94432.0050691 94619.0722026 94619.0722026
 1975.04 150396.0 101934.727812 103246.210153 103507.880753 103507.880753
 1975.12 175724.0 132440.237458 133922.100328 134233.37819 134233.37819
 1975.2 203782.0 161178.218818 162760.44203 163007.881355 163007.881355
 1975.29 235020.0 165699.787804 167106.469483 167293.979539 167293.979539
 1975.37 255150.0 169248.960108 170737.8327 170879.895109 170879.895109
 1975.45 259856.0 168548.296058 169952.455008 170074.065976 170074.065976
 1975.54 246379.0 151378.868602 152600.6785 152736.202996 152736.202996
 1975.62 224415.0 145793.689893 146840.901874 147045.435539 147045.435539
 1975.71 191622.0 122451.470697 123148.504713 123371.525556 123371.525556
 1975.79 150864.0 103041.040991 103724.575515 103906.13501 103906.13501
 1975.87 116985.0 84162.2717153 84831.7867962 84973.9936365 84973.9936365
 1975.96 116402.0 78163.220935 78977.1526517 79223.9324075 79223.9324075
 1976.04 139751.0 85975.2380195 87276.3983522 87544.0387703 87544.0387703
 1976.12 173731.0 122763.749947 124825.513228 125066.520555 125066.520555
 1976.2 201955.0 188775.040594 190940.640191 191287.89102 191287.89102
 1976.29 239766.0 202371.647564 204157.720801 204439.515465 204439.515465
 1976.37 265396.0 205090.591511 206616.111082 206882.499764 206882.499764
 1976.45 265351.0 191777.069456 192933.981656 193277.823911 193277.823911
 1976.54 249931.0 180465.978394 181337.648842 181611.721257 181611.721257
 1976.62 212059.0 131403.684491 132031.054583 132249.386231 132249.386231
 1976.71 163726.0 74031.8180653 74516.3698921 74629.5220137 74629.5220137
 1976.79 118713.0 55401.4317305 55974.7749703 56043.4712058 56043.4712058
 1976.87 99924.7 48939.007534 49647.7837965 49730.2924575 49730.2924575
 1976.96 110074.0 53742.043807 54636.8665566 54778.1297806 54778.1297806
 1977.04 134566.0 69964.9951454 71364.9848511 71612.3423313 71612.3423313
 1977.12 148934.0 98992.9074526 100850.002266 101137.882292 101137.882292
 1977.2 166639.0 114223.829111 115978.426002 116296.925417 116296.925417
 1977.29 201786.0 138843.907092 140499.770897 140834.09033 140834.09033
 1977.37 237729.0 168261.8796 169965.993014 170243.820638 170243.820638
 1977.45 246060.0 167609.551817 169261.188606 169510.033727 169510.033727
 1977.54 232275.0 141801.133434 143114.464492 143332.593936 143332.593936
 1977.62 198414.0 104261.156231 105187.826033 105408.574495 105408.574495
 1977.71 155167.0 82452.0825669 83140.7395801 83325.9194808 83325.9194808
 1977.79 124564.0 68503.8148059 69175.9440893 69313.789111 69313.789111
 1977.87 128133.0 63940.0815732 64696.41899 64874.9454323 64874.9454323
 1977.96 139800.0 71908.5367737 73047.1062265 73259.5980442 73259.5980442
 1978.04 164685.0 106256.201982 108108.357252 108396.179506 108396.179506
 1978.12 173863.0 135596.749803 137659.514472 137966.08388 137966.08388
 1978.2 194553.0 131123.805946 132798.619109 133119.121302 133119.121302
 1978.29 216373.0 148175.705019 149853.175714 150106.09379 150106.09379
 1978.37 236618.0 168050.182153 169870.321867 170024.978667 170024.978667
 1978.45 238236.0 152008.424418 153769.482192 153917.986227 153917.986227
 1978.54 222252.0 129624.698005 131210.888258 131367.904098 131367.904098
 1978.62 191856.0 93097.115265 94142.9599652 94284.0306144 94284.0306144
 1978.71 151804.0 72265.5318859 73088.4568444 73227.0143928 73227.0143928
 1978.79 120669.0 64970.4769623 65785.1452775 65923.2502752 65923.2502752
 1978.87 117736.0 63490.0728462 64464.8574555 64583.7194191 64583.7194191
 1978.96 124732.0 62324.3792367 63290.7435141 63453.3825377 63453.3825377
 1979.04 154993.0 80693.4319772 82297.6761148 82617.1287752 82617.1287752
 1979.12 168834.0 114264.183154 116489.760165 116778.747496 116778.747496
 1979.2 184087.0 122910.36675 124757.418788 125027.543421 125027.543421
 1979.29 214738.0 138429.746159 140274.987995 140524.093091 140524.093091
 1979.37 240434.0 152276.690704 154129.423698 154341.987731 154341.987731
 1979.45 243740.0 154981.624836 156871.68845 157075.634763 157075.634763
 1979.54 221586.0 125031.943755 126497.957721 126713.574064 126713.574064
 1979.62 177249.0 88944.9624637 89869.0132493 90094.4701636 90094.4701636
 1979.71 131484.0 65684.0050073 66414.0367102 66576.1413388 66576.1413388
 1979.79 98580.6 58414.389211 59167.3710124 59316.0916944 59316.0916944
 1979.87 97644.0 68409.9971914 69305.041402 69497.1299226 69497.1299226
 1979.96 104625.0 61310.506763 62344.1903664 62525.7835619 62525.7835619
 1980.04 128458.0 61095.0541082 62242.982695 62516.6170028 62516.6170028
 1980.12 143540.0 78820.5845477 80339.3640015 80770.6929757 80770.6929757
 1980.2 151275.0 117711.907069 119810.15364 120357.903693 120357.903693
 1980.29 169158.0 148519.88428 150732.587667 151056.305859 151056.305859
 1980.37 183477.0 165177.890915 167533.388495 167671.214259 167671.214259
 1980.45 187800.0 151075.727025 153093.419569 153304.953327 153304.953327
 1980.54 178322.0 127525.931482 128939.709542 129206.531517 129206.531517
 1980.62 151233.0 86143.4231965 87005.4360194 87213.8211801 87213.8211801
 1980.71 114683.0 62868.3596381 63613.3303289 63743.4001443 63743.4001443
 1980.79 95831.6 47827.8751718 48522.5453322 48621.7357829 48621.7357829
 1980.87 108810.0 46292.8905509 47140.9802178 47290.9430071 47290.9430071
 1980.96 119771.0 63735.4564349 65037.7385158 65300.9015703 65300.9015703
 1981.04 131058.0 79122.9750834 81008.0798971 81263.0296376 81263.0296376
 1981.12 150641.0 87314.8362767 89342.8508287 89648.9387999 89648.9387999
 1981.2 169687.0 113626.327366 116081.684594 116427.173364 116427.173364
 1981.29 195398.0 161088.671549 163734.697059 164060.360256 164060.360256
 1981.37 203069.0 158481.575029 160709.578482 160963.035768 160963.035768
 1981.45 200237.0 154686.898777 156610.374114 156806.925555 156806.925555
 1981.54 191819.0 164939.907012 166650.452423 166874.031733 166874.031733
 1981.62 169633.0 142114.452587 143316.619859 143568.315086 143568.315086
 1981.71 132223.0 93460.3594286 94267.4402978 94471.6176997 94471.6176997
 1981.79 97968.7 74808.3180607 75652.488831 75813.7220588 75813.7220588
 1981.87 92831.3 65858.2707328 66757.5756602 66928.403926 66928.403926
 1981.96 104220.0 65598.559581 66820.3357784 66999.8780526 66999.8780526
 1982.04 140801.0 74332.8365057 75949.135824 76251.439701 76251.439701
 1982.12 178383.0 118933.909541 121547.986897 122097.267919 122097.267919
 1982.2 205322.0 168758.838056 171985.640192 172511.234517 172511.234517
 1982.29 230430.0 201093.644347 203717.4371 203990.431096 203990.431096
 1982.37 257187.0 228938.56983 231249.043429 231511.079921 231511.079921
 1982.45 256930.0 215540.757797 217247.509486 217584.41905 217584.41905
 1982.54 235916.0 141840.495717 142987.53846 143248.06324 143248.06324
 1982.62 197381.0 93865.1419704 94708.5713278 94910.6496647 94910.6496647
 1982.71 153784.0 77016.1396772 77887.3575742 78007.1294536 78007.1294536
 1982.79 114688.0 62368.1322249 63174.2117052 63275.5301071 63275.5301071
 1982.87 103240.0 42887.6004876 43681.87032 43759.9256895 43759.9256895
 1982.96 120143.0 49840.9170352 50847.9145895 51015.7146171 51015.7146171
 1983.04 142035.0 73715.4610444 75420.7106498 75706.0101744 75706.0101744
 1983.12 154696.0 95353.1768619 97529.9361677 97893.5077084 97893.5077084
 1983.2 160153.0 122075.969149 124248.848073 124618.678294 124618.678294
 1983.29 178327.0 155447.588383 157744.957269 158016.401039 158016.401039
 1983.37 189204.0 166329.122159 168496.955624 168767.426891 168767.426891
 1983.45 190827.0 150184.028801 152025.226566 152254.794952 152254.794952
 1983.54 172265.0 116335.228539 117738.742363 117965.451013 117965.451013
 1983.62 135820.0 88506.1327021 89561.9142605 89765.2732197 89765.2732197
 1983.71 104074.0 58178.0614509 59039.4869207 59195.3713843 59195.3713843
 1983.79 92425.2 41337.4650465 42176.6481302 42253.5721228 42253.5721228
 1983.87 94512.3 38206.4760811 39148.7251827 39200.263006 39200.263006
 1983.96 109892.0 49414.5564902 50727.8634767 50811.1809518 50811.1809518
 1984.04 136825.0 61215.8514483 62957.7865478 63147.8578477 63147.8578477
 1984.12 160351.0 95185.0687148 97886.3054119 98230.3787569 98230.3787569
 1984.2 190118.0 150055.436997 153307.90935 153712.788179 153712.788179
 1984.29 217457.0 194808.003791 197833.565291 198230.519668 198230.519668
 1984.37 240904.0 192713.714632 194970.171007 195336.968175 195336.968175
 1984.45 236530.0 162678.713297 164653.086146 164906.090882 164906.090882
 1984.54 220975.0 137991.667439 139617.749556 139861.231468 139861.231468
 1984.62 191836.0 117379.46524 118491.083853 118735.085718 118735.085718
 1984.71 155043.0 94782.5874414 95647.334826 95855.4311246 95855.4311246
 1984.79 121506.0 80871.5540125 81753.8064439 81913.0465228 81913.0465228
 1984.87 112708.0 71153.9566017 72215.4431877 72352.6864133 72352.6864133
 1984.96 121355.0 62474.5153433 63625.1881205 63806.453939 63806.453939
 1985.04 150579.0 69345.9827985 70925.4810779 71174.4321143 71174.4321143
 1985.12 178261.0 91708.4970996 93985.1930833 94281.4212262 94281.4212262
 1985.2 180662.0 95993.32429 98104.1363652 98476.027136 98476.027136
 1985.29 184181.0 93385.5633872 95095.4925596 95439.1422401 95439.1422401
 1985.37 197301.0 94702.2259891 96486.5564247 96809.5139459 96809.5139459
 1985.45 202774.0 93877.3223248 95781.5305559 96030.6260234 96030.6260234
 1985.54 192086.0 76205.6598633 78016.064923 78213.333705 78213.333705
 1985.62 170709.0 63276.7288851 64819.3346525 65019.2465233 65019.2465233
 1985.71 148707.0 60016.447625 61268.9394985 61520.2977196 61520.2977196
 1985.79 123977.0 52450.5170272 53550.1045318 53707.9628867 53707.9628867
 1985.87 117100.0 44687.534294 45903.8654398 46017.5182558 46017.5182558
 1985.96 129082.0 57487.4498038 59208.1583491 59464.7257178 59464.7257178
 1986.04 149564.0 79206.7258517 81642.045675 81983.0185662 81983.0185662
 1986.12 163402.0 96496.3392231 98817.1733445 99130.4154685 99130.4154685
 1986.2 190139.0 114510.755892 116860.081451 117226.917134 117226.917134
 1986.29 218893.0 149582.521501 152058.137595 152495.147525 152495.147525
 1986.37 234766.0 160614.379143 162886.886625 163241.262721 163241.262721
 1986.45 234098.0 136366.654112 138222.198698 138510.223156 138510.223156
 1986.54 230333.0 111763.869345 113653.817415 113857.465236 113857.465236
 1986.62 206678.0 108578.576702 110227.710018 110520.154067 110520.154067
 1986.71 162671.0 70678.4317174 71687.5572229 71830.9195118 71830.9195118
 1986.79 132761.0 50979.7609071 51890.0233391 52000.6864318 52000.6864318
 1986.87 135848.0 57139.4046041 58280.8000918 58450.082945 58450.082945
 1986.96 145437.0 70641.7462233 72174.694366 72482.2892348 72482.2892348
 1987.04 157862.0 78686.937656 80492.0420951 80813.2134854 80813.2134854
 1987.12 172484.0 84871.4186842 87019.5902651 87306.0548671 87306.0548671
 1987.2 196704.0 115443.636231 118153.221045 118542.433916 118542.433916
 1987.29 216789.0 142330.935517 145134.824197 145510.537577 145510.537577
 1987.37 230284.0 152900.488534 155294.241092 155604.575337 155604.575337
 1987.45 222681.0 141670.153702 143816.755799 144020.856171 144020.856171
 1987.54 200855.0 118556.260785 120451.783894 120674.766222 120674.766222
 1987.62 165986.0 91546.5128301 92812.9326741 93022.2133075 93022.2133075
 1987.71 129586.0 63912.8803867 64864.7774843 64992.9841388 64992.9841388
 1987.79 100483.0 56708.4174502 57709.6666475 57809.0304155 57809.0304155
 1987.87 96726.0 47648.4147418 48694.9141962 48791.2160253 48791.2160253
 1987.96 111075.0 48546.6219931 49857.4255076 50006.3772793 50006.3772793
 1988.04 135519.0 61574.3582724 63382.0432135 63723.6419727 63723.6419727
 1988.12 161477.0 92046.8124589 94764.9090773 95192.4346998 95192.4346998
 1988.2 191503.0 119949.260027 122792.337672 123206.700809 123206.700809
 1988.29 205100.0 115687.108515 118008.972912 118358.862015 118358.862015
 1988.37 223909.0 136027.481795 138428.080387 138790.746826 138790.746826
 1988.45 228935.0 140082.769486 142507.314751 142717.259767 142717.259767
 1988.54 216914.0 120266.661766 122638.094908 122790.700786 122790.700786
 1988.62 184908.0 99862.1033145 101606.599658 101793.772708 101793.772708
 1988.71 136598.0 82878.7897466 84043.5493684 84260.1767294 84260.1767294
 1988.79 98145.5 59637.1042105 60482.9359381 60629.5623695 60629.5623695
 1988.87 100240.0 46483.8139942 47400.5421241 47501.1383706 47501.1383706
 1988.96 125733.0 56098.1142973 57440.7504216 57579.972353 57579.972353
 1989.04 146286.0 76043.1748995 78196.5411849 78446.5561969 78446.5561969
 1989.12 175553.0 101471.864719 104068.697004 104549.026629 104549.026629
 1989.2 217389.0 148813.127514 152099.338967 152679.923019 152679.923019
 1989.29 249598.0 158769.445427 161628.737868 161923.473556 161923.473556
 1989.37 266443.0 158598.082766 161048.298248 161267.419452 161267.419452
 1989.45 271198.0 158620.614014 160779.993447 160997.111874 160997.111874
 1989.54 257498.0 124193.752431 126046.995749 126250.200648 126250.200648
 1989.62 227084.0 99146.2932585 100698.282232 100893.70711 100893.70711
 1989.71 182383.0 75719.432636 76830.2665074 76997.7487865 76997.7487865
 1989.79 136338.0 64903.2154088 65977.3445286 66134.6781173 66134.6781173
 1989.87 129482.0 59385.1923369 60634.5211699 60790.2226873 60790.2226873
 1989.96 129269.0 70519.6778897 72311.9135197 72548.7804892 72548.7804892
 1990.04 125091.0 84686.5276457 87035.5161988 87295.6076857 87295.6076857
 1990.12 151169.0 111637.087744 114295.110663 114717.956718 114717.956718
 1990.2 194165.0 124182.284603 126859.497598 127352.652702 127352.652702
 1990.29 215663.0 141877.681905 144840.752891 145144.260361 145144.260361
 1990.37 230100.0 142376.142445 144797.731687 145059.902982 145059.902982
 1990.45 229885.0 142853.862682 145073.402473 145399.229359 145399.229359
 1990.54 217643.0 130932.011102 132786.708359 133208.312308 133208.312308
 1990.62 192263.0 109469.225393 110986.695338 111236.127812 111236.127812
 1990.71 152634.0 83989.050708 85286.1091981 85445.1567022 85445.1567022
 1990.79 105588.0 62584.3985081 63721.7499255 63832.3504314 63832.3504314
 1990.87 92082.0 44833.7033603 45945.8082251 46049.3075363 46049.3075363
 1990.96 116567.0 43244.2826658 44605.0304474 44739.4861531 44739.4861531
 1991.04 148780.0 58000.5989842 59786.9033112 60168.3698626 60168.3698626
 1991.12 175895.0 91502.1821176 94808.1806286 95342.1423275 95342.1423275
 1991.2 182155.0 118287.503433 121532.109107 122074.332264 122074.332264
 1991.29 210280.0 113315.280594 115736.475058 116124.638397 116124.638397
 1991.37 232534.0 132759.555317 135559.881363 135857.823421 135857.823421
 1991.45 238125.0 147263.574612 150205.770492 150481.710883 150481.710883
 1991.54 222858.0 109978.807126 112138.17693 112405.133707 112405.133707
 1991.62 198666.0 109424.172525 111270.348349 111567.327533 111567.327533
 1991.71 156119.0 88676.4073155 89876.1962883 90106.794949 90106.794949
 1991.79 106059.0 53342.0611913 54263.165583 54376.2262316 54376.2262316
 1991.87 86595.0 40021.8688274 40961.3376307 41113.6979759 41113.6979759
 1991.96 98772.3 36944.9789298 38177.4646917 38326.3755413 38326.3755413
 1992.04 111946.0 40469.1068849 41983.640065 42160.2600171 42160.2600171
 1992.12 127249.0 48815.446746 50690.3884261 50936.6530444 50936.6530444
 1992.2 145908.0 60864.9994713 63262.1606036 63634.1669193 63634.1669193
 1992.29 182756.0 88210.0393615 91339.4275491 91721.8714175 91721.8714175
 1992.37 192138.0 101069.498991 103885.972432 104198.203538 104198.203538
 1992.45 178903.0 82947.1730481 85358.1803065 85594.6910126 85594.6910126
 1992.54 157510.0 68595.1819064 70680.4633812 70873.779566 70873.779566
 1992.62 136858.0 58782.3658996 60640.4139579 60802.6196883 60802.6196883
 1992.71 117270.0 52885.2593892 54537.0020943 54694.6823175 54694.6823175
 1992.79 106225.0 55114.3123743 56670.5283638 56881.566242 56881.566242
 1992.87 96222.0 54230.731177 55851.9267089 56037.0199509 56037.0199509
 1992.96 116183.0 53986.0264143 55812.8244015 56036.4325979 56036.4325979
 1993.04 146694.0 63646.2798724 65996.1253832 66314.018188 66314.018188
 1993.12 169058.0 99234.531019 102861.3591 103264.514385 103264.514385
 1993.2 200687.0 174189.138505 178212.87282 178812.435115 178812.435115
 1993.29 230241.0 170287.207734 173706.777216 174095.585681 174095.585681
 1993.37 244306.0 187428.519273 190510.254834 190836.765359 190836.765359
 1993.45 240132.0 167978.890972 170461.950082 170736.407647 170736.407647
 1993.54 223090.0 117055.361899 118849.195899 119070.656887 119070.656887
 1993.62 190787.0 91564.2778529 93019.3150572 93225.5241229 93225.5241229
 1993.71 151073.0 80844.8342629 82080.2977122 82238.6326897 82238.6326897
 1993.79 119808.0 68794.3764361 69981.0799532 70096.7933193 70096.7933193
 1993.87 114911.0 58709.4378335 59984.3357818 60138.9251799 60138.9251799
 1993.96 140357.0 70503.7615848 72509.1774873 72716.5901454 72716.5901454
 1994.04 171365.0 92405.6659177 95255.965117 95614.2119653 95614.2119653
 1994.12 198097.0 130614.349387 134063.758331 134632.335345 134632.335345
 1994.2 225322.0 190182.665889 193436.582553 194046.755718 194046.755718
 1994.29 243496.0 164117.208328 166758.87202 167179.590124 167179.590124
 1994.37 254633.0 146889.363315 149318.251141 149662.998498 149662.998498
 1994.45 254975.0 138153.709481 140552.690445 140866.856928 140866.856928
 1994.54 245039.0 129145.889721 131293.445063 131553.430634 131553.430634
 1994.62 214656.0 119953.939593 121782.225221 122036.221716 122036.221716
 1994.71 176123.0 87808.9927702 89146.1742141 89334.0116467 89334.0116467
 1994.79 139267.0 69567.674876 70878.3387737 71006.2276798 71006.2276798
 1994.87 115053.0 70838.2447062 72413.954077 72586.7417911 72586.7417911
 1994.96 119716.0 76464.1192791 78474.8550597 78743.1406032 78743.1406032
 1995.04 143676.0 96291.9307314 98999.8882881 99390.526213 99390.526213
 1995.12 153041.0 113352.360867 116467.421491 116907.223755 116907.223755
 1995.2 163856.0 110263.605956 112896.131975 113168.076439 113168.076439
 1995.29 187962.0 110335.397831 113096.486767 113359.948313 113359.948313
 1995.37 216984.0 123213.912734 125953.048146 126254.369892 126254.369892
 1995.45 223248.0 124669.604692 127275.815368 127542.367739 127542.367739
 1995.54 206491.0 127931.907988 130382.075326 130652.257731 130652.257731
 1995.62 171908.0 128967.892859 130642.446046 130996.205902 130996.205902
 1995.71 113886.0 106240.044959 107305.021962 107539.241029 107539.241029
 1995.79 79910.3 69176.3629394 70099.38345 70215.3182771 70215.3182771
 1995.87 83338.7 48931.1167827 49998.265067 50085.7903009 50085.7903009
 1995.96 114074.0 55515.8404025 57165.4070127 57329.2207425 57329.2207425
 1996.04 139481.0 86158.4632862 89257.973498 89586.2460829 89586.2460829
 1996.12 164106.0 118512.353737 121875.826189 122272.424303 122272.424303
 1996.2 199781.0 124370.314611 127152.557886 127564.629383 127564.629383
 1996.29 232166.0 164977.844242 168241.04301 168726.735842 168726.735842
 1996.37 247566.0 196517.451527 199940.91102 200383.890768 200383.890768
 1996.45 246838.0 178500.983936 181021.402551 181371.503487 181371.503487
 1996.54 229471.0 152057.569499 153918.95873 154223.140211 154223.140211
 1996.62 197541.0 133187.851238 134649.859649 134998.23704 134998.23704
 1996.71 154165.0 101667.73252 102728.289933 102926.574546 102926.574546
 1996.79 114127.0 68698.7438044 69732.9473596 69843.307147 69843.307147
 1996.87 111777.0 57195.1501862 58465.0171186 58623.3761679 58623.3761679
 1996.96 124884.0 62335.6544896 64071.2009211 64429.0337335 64429.0337335
 1997.04 140666.0 76699.1760457 79231.447638 79548.1464792 79548.1464792
 1997.12 161430.0 95515.835143 98991.4053694 99330.3562255 99330.3562255
 1997.2 192551.0 121144.9953 124661.53581 125018.232431 125018.232431
 1997.29 239250.0 172438.653086 175944.322749 176361.24713 176361.24713
 1997.37 262359.0 187462.181343 190861.857852 191318.260062 191318.260062
 1997.45 253781.0 159505.061798 162508.766061 162893.164563 162893.164563
 1997.54 225009.0 126558.281768 128562.272617 128847.649172 128847.649172
 1997.62 182227.0 92486.4125195 93862.4940673 94085.9578327 94085.9578327
 1997.71 127172.0 77241.0188672 78387.9171789 78586.0862479 78586.0862479
 1997.79 80545.2 53416.260251 54436.1699437 54577.2020779 54577.2020779
 1997.87 76394.0 44479.9338755 45679.5928604 45814.5492605 45814.5492605
 1997.96 94699.0 49918.4283809 51712.8064052 51861.7341051 51861.7341051
 1998.04 118715.0 80656.7994412 83787.8485862 84013.4403028 84013.4403028
 1998.12 133982.0 116429.561291 119996.286786 120420.413464 120420.413464
 1998.2 153205.0 99308.2101267 102083.848087 102434.04531 102434.04531
 1998.29 175439.0 93830.9310622 96663.5904125 97023.1852841 97023.1852841
 1998.37 199962.0 130549.162827 134074.90841 134439.876118 134439.876118
 1998.45 210055.0 150940.876541 154510.606202 154812.958222 154812.958222
 1998.54 204322.0 155411.470985 158423.677424 158706.887512 158706.887512
 1998.62 177325.0 138402.583487 140373.884769 140659.848676 140659.848676
 1998.71 130664.0 90192.5773811 91470.9079747 91652.2074937 91652.2074937
 1998.79 86698.1 69188.2303597 70349.4995638 70520.4096739 70520.4096739
 1998.87 88087.3 60359.856587 61628.1107057 61828.9276778 61828.9276778
 1998.96 115959.0 80804.1817285 83120.9525223 83389.2765808 83389.2765808
 1999.04 132993.0 96905.5317272 99774.7610267 100201.323775 100201.323775
 1999.12 166528.0 122952.50211 126872.409736 127308.110158 127308.110158
 1999.2 208604.0 165638.760859 169810.488886 170185.02756 170185.02756
 1999.29 235240.0 192737.709448 196787.691704 197117.707091 197117.707091
 1999.37 256366.0 215363.357918 218769.293106 219230.952607 219230.952607
 1999.45 265436.0 211701.683432 214370.037986 214819.334187 214819.334187
 1999.54 249340.0 165375.742235 167554.18657 167914.532484 167914.532484
 1999.62 220825.0 130006.824125 131687.048639 132048.877378 132048.877378
 1999.71 177297.0 105162.877972 106589.462254 106825.443379 106825.443379
 1999.79 123052.0 75781.6535449 77071.2353195 77209.9517421 77209.9517421
 1999.87 96833.7 71646.6832275 73235.9306048 73419.9020988 73419.9020988
 1999.96 98556.1 86121.1230379 88179.6992062 88447.4455404 88447.4455404
 2000.04 129456.0 97229.4521223 100282.108892 100623.996513 100623.996513
 2000.12 154146.0 139864.437838 143779.694784 144238.9471 144238.9471
 2000.2 183633.0 187998.425053 191999.762922 192521.409464 192521.409464
 2000.29 220910.0 226657.714232 230529.795913 231020.206828 231020.206828
 2000.37 249139.0 242672.482613 246080.093202 246529.466432 246529.466432
 2000.45 250193.0 196160.937851 198789.583488 199055.413704 199055.413704
 2000.54 238400.0 164010.271558 166092.139644 166421.827654 166421.827654
 2000.62 214516.0 129486.390804 131017.793534 131312.124816 131312.124816
 2000.71 175609.0 90504.1633621 91886.1858416 92075.5253574 92075.5253574
 2000.79 136331.0 78302.6017405 79960.1794612 80090.5959111 80090.5959111
 2000.87 118177.0 67712.2458346 69430.9660454 69549.1684404 69549.1684404
 2000.96 112949.0 73752.5365023 75962.0768487 76273.1188059 76273.1188059
 2001.04 134409.0 92637.785919 95893.9749652 96419.318943 96419.318943
 2001.12 168850.0 115105.128297 118819.134977 119212.594123 119212.594123
 2001.2 201974.0 147814.03034 151293.856469 151700.863249 151700.863249
 2001.29 236421.0 160534.86502 163675.576604 164073.91752 164073.91752
 2001.37 246384.0 171955.983677 175022.467316 175417.900352 175417.900352
 2001.45 242245.0 186762.749772 189973.548944 190290.604049 190290.604049
 2001.54 226393.0 166412.333718 169558.389252 169737.849682 169737.849682
 2001.62 190039.0 112113.479215 114320.135754 114551.976522 114551.976522
 2001.71 147760.0 68733.0365569 70128.1107916 70327.6615846 70327.6615846
 2001.79 108271.0 53525.454961 54830.6545496 54955.6115048 54955.6115048
 2001.87 93590.7 45692.1102206 47097.5257205 47191.5214667 47191.5214667
 2001.96 107319.0 46780.6054183 48626.2324038 48764.8477246 48764.8477246
 2002.04 145146.0 75444.1469996 78795.3476239 79068.0912734 79068.0912734
 2002.12 159141.0 115348.725755 119427.806059 119753.045591 119753.045591
 2002.2 185947.0 148075.883886 151816.398484 152215.211208 152215.211208
 2002.29 213702.0 151231.048207 154491.926449 154926.442535 154926.442535
 2002.37 232131.0 185524.474731 189081.561858 189513.006377 189513.006377
 2002.45 241603.0 201816.916676 205779.89365 206088.321404 206088.321404
 2002.54 234317.0 168930.306633 171736.063288 172067.522985 172067.522985
 2002.62 208255.0 121836.386875 123516.110695 123922.684182 123922.684182
 2002.71 168694.0 100624.872729 102036.599867 102252.428042 102252.428042
 2002.79 121410.0 75031.5314789 76348.0255779 76495.7207992 76495.7207992
 2002.87 101373.0 56234.9097866 57793.0322663 57875.0691191 57875.0691191
 2002.96 121109.0 78718.1973559 80967.3599615 81184.9790826 81184.9790826
 2003.04 139644.0 118234.834233 122096.362817 122379.582535 122379.582535
 2003.12 153839.0 121549.585267 124805.909116 125151.860065 125151.860065
 2003.2 169938.0 115689.20758 118575.749352 118885.968052 118885.968052
 2003.29 202034.0 162157.317102 165468.043324 165837.151389 165837.151389
 2003.37 226101.0 161311.644249 164553.794594 164977.882757 164977.882757
 2003.45 230290.0 175476.982292 179116.895829 179452.919549 179452.919549
 2003.54 220503.0 179754.145007 182871.58393 183203.313232 183203.313232
 2003.62 197793.0 152746.236141 154874.88064 155259.664292 155259.664292
 2003.71 163747.0 109553.21688 111058.275381 111338.086525 111338.086525
 2003.79 122216.0 74409.7508696 75775.7559425 75964.7873386 75964.7873386
 2003.87 108255.0 65064.0827446 66596.9490429 66812.170608 66812.170608
 2003.96 110378.0 61240.4913903 63240.0385767 63460.1996847 63460.1996847
 2004.04 129678.0 79550.7847536 82430.3697614 82644.9654585 82644.9654585
 2004.12 156714.0 89349.8990653 92610.2958703 93035.4431943 93035.4431943
 2004.2 176598.0 118299.674159 122798.942987 123514.993761 123514.993761
 2004.29 205770.0 171508.555452 177125.210508 177673.008704 177673.008704
 2004.37 222161.0 186754.854206 190739.803962 191154.552248 191154.552248
 2004.45 214703.0 155613.087142 158508.275521 158885.269523 158885.269523
 2004.54 196304.0 140753.805908 142949.986379 143357.464968 143357.464968
 2004.62 174595.0 126331.02428 128111.223987 128355.832462 128355.832462
 2004.71 147297.0 116637.070237 118345.372152 118531.254951 118531.254951
 2004.79 120872.0 87028.4872196 88575.3825901 88723.5977633 88723.5977633
 2004.87 109335.0 61786.7875034 63385.2158828 63507.8571263 63507.8571263
 2004.96 117797.0 59427.274739 61477.8927548 61662.2253265 61662.2253265
 2005.04 135699.0 72244.3919903 75211.2663279 75578.0779391 75578.0779391
 2005.12 151142.0 93959.3688064 98062.4342983 98445.1670288 98445.1670288
 2005.2 191532.0 136676.843926 141641.970385 142086.712192 142086.712192
 2005.29 229595.0 186952.994389 191256.809452 191773.949744 191773.949744
 2005.37 244493.0 216426.563233 220270.471226 220727.45116 220727.45116
 2005.45 233157.0 169191.495796 171925.942013 172339.303761 172339.303761
 2005.54 203820.0 111713.549558 113582.612893 113925.280442 113925.280442
 2005.62 159487.0 84381.267746 85894.4336452 86160.5045788 86160.5045788
 2005.71 108716.0 78375.6597946 79819.1665845 80049.1730777 80049.1730777
 2005.79 79494.5 62812.3877806 64105.2240689 64260.1456585 64260.1456585
 2005.87 87890.0 54955.2119121 56489.5465931 56639.764544 56639.764544
 2005.96 115035.0 67327.7510449 69680.7307102 69882.4961131 69882.4961131
 2006.04 147734.0 88184.494318 91456.3396932 91683.4912654 91683.4912654
 2006.12 181277.0 118109.419913 123013.894947 123339.538886 123339.538886
 2006.2 222121.0 177521.895281 182786.157761 183308.709405 183308.709405
 2006.29 245666.0 170610.88741 174756.001604 175219.124673 175219.124673
 2006.37 271411.0 199091.078551 203139.674269 203618.415152 203618.415152
 2006.45 268476.0 226747.165213 229995.362406 230507.283923 230507.283923
 2006.54 236329.0 195451.858284 197773.693794 198322.243032 198322.243032
 2006.62 188237.0 145757.83247 147533.111891 147863.820547 147863.820547
 2006.71 136875.0 94594.0952546 96036.5188114 96184.2332902 96184.2332902
 2006.79 97824.2 60555.8784474 61941.6657637 62047.2448824 62047.2448824
 2006.87 97039.7 48552.0766735 50081.6306858 50219.4275638 50219.4275638
 2006.96 121218.0 61281.8083077 63997.4110828 64167.4642352 64167.4642352
 2007.04 146409.0 83085.0662135 87010.6933107 87373.1671751 87373.1671751
 2007.12 168265.0 128129.027524 133075.532002 133563.612762 133563.612762
 2007.2 185821.0 139883.993807 143760.986145 144274.477146 144274.477146
 2007.29 208449.0 146218.586869 149961.787885 150585.941978 150585.941978
 2007.37 237348.0 172900.813281 176946.250772 177507.895095 177507.895095
 2007.45 246267.0 176415.668761 180206.946068 180703.673435 180703.673435
 2007.54 227663.0 148910.069654 151672.68956 152125.837256 152125.837256
 2007.62 194865.0 110096.797689 111875.167935 112228.831504 112228.831504
 2007.71 144265.0 75810.0631381 77173.8150861 77367.1553428 77367.1553428
 2007.79 103855.0 59030.0748288 60272.0761916 60395.9595424 60395.9595424
 2007.87 101926.0 47119.0363225 48666.2494414 48768.7618069 48768.7618069
 2007.96 122000.0 70395.1012698 73132.2531619 73394.5592588 73394.5592588
 2008.04 151072.0 108877.231287 113603.998321 113912.820854 113912.820854
 2008.12 185533.0 158989.616163 164275.88994 164770.017548 164770.017548
 2008.2 221893.0 214749.506575 219299.104819 219905.599806 219905.599806
 2008.29 249702.0 231996.040969 235987.345693 236580.803367 236580.803367
 2008.37 264165.0 231307.393585 234684.249983 235258.315378 235258.315378
 2008.45 264902.0 207471.778566 210410.777705 210851.080664 210851.080664
 2008.54 243734.0 184499.880657 187083.560084 187454.362808 187454.362808
 2008.62 197220.0 127988.342025 129878.261208 130220.909499 130220.909499
 2008.71 146372.0 79137.3700476 80604.8138815 80840.8383364 80840.8383364
 2008.79 110923.0 64191.045016 65732.0379697 65871.2984161 65871.2984161
 2008.87 -999.0 69698.9049543 71529.3859339 71684.9237629 71684.9237629
 2008.96 127445.0 73620.0787598 76359.7437527 76547.1960357 76547.1960357
 2009.04 158543.0 105299.172767 109857.629451 110195.087852 110195.087852
 2009.12 197830.0 149830.644465 155166.082582 155670.474424 155670.474424
 2009.2 243160.0 181240.533384 185323.484441 185840.875081 185840.875081
 2009.29 274529.0 212914.114938 217060.500125 217754.019651 217754.019651
 2009.37 291685.0 211557.65676 215208.065621 215890.993535 215890.993535
 2009.45 291470.0 168711.888327 171746.057919 172213.956842 172213.956842
 2009.54 276713.0 139971.06649 142543.605467 142809.763059 142809.763059
 2009.62 238306.0 105216.423387 107331.423964 107564.246863 107564.246863
 2009.71 180609.0 76649.6024851 78267.4520303 78499.2157683 78499.2157683
 2009.79 119092.0 55518.9071558 56951.1579502 57082.7250344 57082.7250344
 2009.87 95065.3 47368.8202448 48996.0385527 49099.7930255 49099.7930255
 2009.96 98992.6 47504.6480458 49435.3064219 49584.041547 49584.041547
 2010.04 138057.0 57126.8968727 59752.7261036 60007.1847784 60007.1847784
 2010.12 161198.0 86249.3200636 90773.4791807 91258.7098335 91258.7098335
 2010.2 176531.0 140213.315924 145277.608761 145841.689155 145841.689155
 2010.29 209696.0 175799.082856 180307.701189 180806.83574 180806.83574
 2010.37 240182.0 173876.050441 178211.024102 178700.606945 178700.606945
 2010.45 239729.0 144186.489732 147689.22263 148070.578451 148070.578451
 2010.54 213815.0 126812.509353 129925.287967 130321.077267 130321.077267
 2010.62 175290.0 103886.790874 106176.75526 106501.041547 106501.041547
 2010.71 119898.0 87557.3938307 89161.9172017 89413.8146322 89413.8146322
 2010.79 84812.6 61363.1711488 62759.5211914 62906.7205326 62906.7205326
 2010.87 81869.3 38207.3113742 39611.8217727 39774.9061255 39774.9061255
 2010.96 97123.9 40313.256122 42510.9627486 42666.0383981 42666.0383981
 2011.04 122182.0 61993.9498143 65431.05323 65673.9526042 65673.9526042
 2011.12 154417.0 81347.0403819 85895.2424592 86263.1661897 86263.1661897
 2011.2 191998.0 129139.496239 135562.818128 136026.249317 136026.249317
 2011.29 233593.0 168573.157461 173748.142277 174350.285074 174350.285074
 2011.37 260705.0 196502.661784 200935.116795 201540.225243 201540.225243
 2011.45 261031.0 187401.058111 191265.263484 191606.679298 191606.679298
 2011.54 238946.0 150003.8077 153230.455777 153474.284324 153474.284324
 2011.62 198651.0 95956.6965684 98149.5454964 98340.772245 98340.772245
 2011.71 138993.0 70356.36004 72039.7812951 72188.9063841 72188.9063841
 2011.79 94925.8 59756.577599 61354.9770923 61485.7835061 61485.7835061
 2011.87 97800.0 46499.1333173 48221.9794425 48353.9605625 48353.9605625
 2011.96 110553.0 46960.1717644 49210.9471838 49377.9624691 49377.9624691
 2012.04 145539.0 56780.637804 59810.4022477 60062.3285644 60062.3285644
 2012.12 193269.0 101331.573998 106695.310977 107154.842526 107154.842526
 2012.2 242756.0 148305.625589 153897.014835 154486.582499 154486.582499
 2012.29 272373.0 164322.319718 169443.633945 170097.194206 170097.194206
 2012.37 287865.0 176100.154254 180833.276257 181380.150094 181380.150094
 2012.45 277026.0 140603.424268 143961.764602 144399.063394 144399.063394
 2012.54 249972.0 106191.467972 108679.283679 109045.628296 109045.628296
 2012.62 208216.0 75117.4679708 77139.6812078 77428.3170903 77428.3170903
 2012.71 146943.0 61366.8589557 63191.9767279 63446.3583729 63446.3583729
 2012.79 98249.7 40649.5927755 42079.5471158 42271.6163789 42271.6163789
 2012.87 88084.3 31608.7608857 33199.3225858 33306.3845302 33306.3845302
 2012.96 97163.5 32151.0851441 34305.8451894 34445.8975994 34445.8975994
 2013.04 130513.0 45515.783945 48673.2928637 48943.4319394 48943.4319394
 2013.12 167191.0 71830.6980509 76436.7351465 76815.9293156 76815.9293156
 2013.2 214127.0 126326.229168 132745.218125 133264.447854 133264.447854
 2013.29 253811.0 166579.122728 171983.098205 172563.383766 172563.383766
 2013.37 275915.0 157074.498572 161617.067837 162185.433019 162185.433019
 2013.45 272358.0 126392.16677 130242.487502 130607.830731 130607.830731
 2013.54 247430.0 110484.527734 113828.155356 114141.214534 114141.214534
 2013.62 209671.0 112960.750439 116037.883462 116385.317237 116385.317237
 2013.71 170795.0 87979.0555513 90338.4623996 90651.9741283 90651.9741283
 2013.79 132062.0 72162.8799037 74177.0916589 74418.686339 74418.686339
 2013.87 119497.0 56028.5370322 58061.0530195 58272.2979156 58272.2979156
 2013.96 136129.0 58814.3718267 61666.5390014 61965.5931791 61965.5931791
 2014.04 -999.0 66317.3497316 69963.8445111 70350.4239227 70350.4239227
 2014.12 -999.0 82422.3779084 87227.1088394 87753.4734635 87753.4734635
 2014.2 -999.0 129769.494976 135585.214574 136247.902879 136247.902879
 2014.29 -999.0 184967.259628 190123.872811 190806.473348 190806.473348
 2014.37 -999.0 192300.718776 196481.767421 197086.509978 197086.509978
 2014.45 -999.0 172669.0688 176381.583026 176829.916353 176829.916353
 2014.54 -999.0 129664.869103 132561.492164 132865.952878 132865.952878
 2014.62 -999.0 78828.3934547 81064.7161375 81274.0545433 81274.0545433
 2014.71 -999.0 64306.2865739 66480.4653778 66673.7671195 66673.7671195
 2014.79 -999.0 56839.0746186 58814.2947968 58985.4552541 58985.4552541
 2014.87 -999.0 50292.8081807 52349.3286133 52504.3994484 52504.3994484
 2014.96 -999.0 52793.8393306 55371.7126289 55509.1099143 55509.1099143
 2015.04 -999.0 63730.4446765 67001.707513 67234.4678254 67234.4678254
 2015.12 -999.0 86036.4960544 90891.7393481 91231.2968147 91231.2968147
 2015.2 -999.0 115679.521069 121098.035942 121612.605362 121612.605362
 2015.29 -999.0 136211.766223 140725.738135 141348.12054 141348.12054
 2015.37 -999.0 159663.887841 163994.769288 164553.948654 164553.948654
 2015.45 -999.0 170697.642345 175155.748315 175588.020906 175588.020906
 2015.54 -999.0 137843.702613 141052.306433 141501.3234 141501.3234
 2015.62 -999.0 90911.6612083 93087.9872208 93463.806517 93463.806517
 2015.71 -999.0 72874.3329555 74814.1338188 75156.2380868 75156.2380868
 2015.79 -999.0 56621.1858929 58364.3534709 58594.788443 58594.788443
 2015.87 -999.0 35558.8449789 37083.7940469 37243.7683172 37243.7683172
 2015.96 -999.0 25785.4490279 27464.9537935 27569.6807689 27569.6807689
