-9.990000000000000000e+02
7.308522153404270411e+08
7.796236476616003513e+08
8.963017525752881765e+08
7.776212596086277962e+08
9.594629564948815107e+08
9.670879748581857681e+08
6.262905240942822769e+06
1.142967589738255262e+09
9.248110419689691067e+08
1.053953468643395305e+09
7.477878678996022940e+08
9.649352519669644833e+08
9.498075094944928885e+08
1.090526814567126274e+09
8.898561133478072882e+08
8.312317477452313900e+08
1.001700659040481687e+09
2.608565483378915582e+06
9.580817214144928455e+08
9.722719631646564007e+08
9.001708638303692341e+08
7.728417540885616541e+08
6.379291155009175539e+08
6.383799316658042669e+08
8.742677111574275494e+08
7.792433534249539375e+08
9.684349741508896351e+08
6.089372094682019949e+08
8.744074082960380316e+08
1.097245839009829998e+09
9.479663828096762896e+08
9.927537502169806957e+08
1.095094728580346107e+09
8.583297365719692707e+08
8.388918467654352188e+08
8.831608339315873384e+08
7.621361818639568090e+08
9.549778407444187403e+08
9.481114172839940786e+08
1.195241852677423239e+09
6.788658709817988873e+08
7.086200969835966825e+08
1.277393078294505358e+09
8.241785477492403984e+08
8.520634550523322821e+08
1.063422474288831353e+09
8.063889063867106438e+08
9.515463430061531067e+08
1.116922096398887157e+09
9.469383701951032877e+08
7.723911366874922514e+08
6.563301876035215333e+06
1.157638656107137680e+09
1.057302070252339959e+09
3.120313973354924470e+06
1.063336985129339337e+09
8.733948233492813110e+08
1.090125064301889181e+09
8.943127340126397610e+08
8.458430047974473238e+08
8.132099174345037937e+08
8.044049717438663244e+08
1.152182849327702045e+09
1.098770396541972399e+09
1.059354451829688430e+09
1.119384322485244513e+09
9.998114818070930243e+08
7.276007474381884336e+08
9.743262310663174391e+08
8.663676774351588488e+08
9.438489670964677334e+08
1.094061530858709812e+09
9.200083761387510300e+08
1.195642761228863522e+07
9.513825575668433905e+08
1.182630969165577173e+09
9.713716107445054054e+08
1.172949334172718763e+09
1.043826839937596202e+09
8.881601638402260542e+08
9.620321761540912390e+08
1.094861193006583691e+09
1.018539707243530035e+09
8.491899844198262691e+08
6.784233139375911951e+08
8.517065940043708310e+06
-9.990000000000000000e+02
1.494176698176173866e+08
3.694429360710259527e+07
9.652681123711901903e+08
1.004332496573831439e+09
1.121873633149333000e+09
1.167491329259305954e+09
6.385893914846181124e+07
1.018216774826600775e+07
9.628851987529652119e+08
5.202778774213795364e+07
1.054334403745208383e+09
8.536106589425816536e+08
8.519617991390033960e+08
-9.990000000000000000e+02
6.499261883921400644e+06
8.682280128769309521e+08
7.010293797337841988e+08
1.306498655745114803e+09
9.489502224922384024e+08
-9.990000000000000000e+02
5.558845227280073166e+08
9.395829808276009560e+08
1.002523426756464124e+09
2.272068054778701812e+07
1.297411051365475655e+09
1.073597372845762849e+09
1.106193258278763294e+09
1.022266391601302385e+09
1.021051901462607741e+09
-9.990000000000000000e+02
8.247044050009790659e+08
-9.990000000000000000e+02
-9.990000000000000000e+02
1.085483828351607323e+09
1.206212357275966883e+09
1.121269798650222540e+09
4.845629073363865726e+06
-9.990000000000000000e+02
8.789252307380033731e+08
8.090288925261486769e+08
1.104552377947935581e+09
-9.990000000000000000e+02
-9.990000000000000000e+02
1.219526751466745853e+09
1.122570857857150316e+09
1.254102078692608118e+09
1.228338410642047822e+08
8.684787778882809877e+08
1.224679748957981728e+07
1.080290194370940924e+09
9.020268596887267828e+08
2.118333152872778848e+07
1.111762237087468147e+09
0.000000000000000000e+00
-9.990000000000000000e+02
8.252261493868724108e+08
6.616149572276525497e+08
-9.990000000000000000e+02
7.946243661998769045e+08
7.640242145928610563e+08
1.266261115086212158e+09
8.783708067357507944e+08
1.192828193630404472e+09
9.664964581224676371e+08
1.115918342592541695e+09
7.749500675735715628e+08
3.460395367228018641e+08
7.149737904162640572e+08
8.656739316542991400e+08
1.120395112492464781e+09
9.910052158640452623e+08
1.063280046795812435e+07
1.850491514030411374e+06
1.412175550358204365e+09
1.342432834801567495e+08
7.581609861595133543e+08
1.026732213259023190e+09
1.346772448119619846e+09
7.877689478852294683e+08
7.982151845248594284e+08
9.686684103074488640e+08
6.394877710751076937e+08
1.078275858652257442e+09
7.993333607719128132e+08
2.480149068522636220e+07
8.216520622097197771e+08
1.602765701601108909e+08
8.870566084224917889e+08
1.211723455709704876e+09
8.248434845457311869e+08
1.188236737246368885e+09
9.091589304194427729e+08
1.002691409127429247e+09
1.000332595327525973e+09
1.029253728902468324e+09
9.982599075232098103e+08
1.407208914520420790e+09
1.383879709254758835e+09
9.277815940871136189e+08
1.285923965335222960e+09
8.079873197098897696e+08
3.766211601439430378e+06
9.935467610322464257e+06
7.242802635077934265e+08
1.089865636158991814e+09
1.450771965472426176e+09
1.037138640868108034e+09
7.217169346161442995e+08
1.412145257316163540e+09
1.101057319432048053e+08
1.156622646769133806e+08
1.027448300574957132e+09
9.529102858668178320e+08
1.071583223797862887e+09
8.233657122974834405e+06
5.943692131871328354e+08
7.943381320718642473e+08
1.039968603712369800e+09
9.972711694994904995e+08
3.696839141363058984e+07
9.399520242292993069e+08
9.245281489273489714e+08
1.200146524130767822e+09
9.449993604794027805e+08
9.369649047181535959e+08
3.334557789205932990e+07
1.152116362654291630e+09
9.548001135830149651e+08
8.066592771346597672e+08
9.775812831954002380e+08
1.103812832700335741e+09
2.352380663919665664e+07
9.028385687631636858e+08
1.065493332830937505e+09
1.213290791819128513e+09
1.005574649251713395e+09
6.458716114003198147e+08
1.332168966678422689e+09
9.977139388030431271e+08
8.711653465877242386e+06
1.063741777320357800e+09
2.978167812899612356e+06
1.130375015350570679e+09
7.784321991311218739e+08
3.723753562555971742e+07
8.166105445267075300e+07
1.128332797140201628e+08
1.347152303496680498e+09
1.079603944735254794e+08
4.220890761761268973e+08
1.323965594292787790e+09
-9.990000000000000000e+02
1.141160090510003269e+08
5.707166323116132617e+07
3.243471676508593932e+07
6.136391939728039317e+06
1.089000396284290791e+09
1.057934829146484971e+09
1.073137101671918750e+09
1.162129554484743118e+09
1.146915691635857344e+09
8.941939777751519680e+08
9.769187131223349571e+08
3.225556981759317964e+07
-9.990000000000000000e+02
9.157381500984127522e+08
4.400184146903373301e+07
4.394065999233245850e+07
1.326941185199069500e+09
1.049770631435343266e+09
1.235281084590655804e+09
1.161874759962988377e+09
9.268465916432031393e+08
1.302940677114374638e+09
1.101862535401005507e+09
9.683020965351743698e+08
8.035413538267060518e+08
8.543180458095046282e+08
6.680152266987563372e+08
9.007150565358017683e+08
8.688792132830744609e+06
9.714286921211390495e+08
1.843438564148640931e+08
3.678680453500870615e+06
1.036412672804232121e+09
2.968171382122178096e+06
1.308821351586776972e+09
1.714960747357092425e+07
1.125728639310816765e+09
1.957709065038578510e+08
8.291167478127595186e+08
6.507804310907779261e+06
1.025455788919668078e+09
8.422092439650747776e+08
1.613050048562323153e+08
0.000000000000000000e+00
9.793159588570514917e+08
8.289775664204018116e+08
8.474748537262829542e+08
7.450030659860786200e+08
1.297845184258394480e+09
7.299976716816847324e+08
6.035966707312040776e+07
2.250315117873848416e+06
8.219682099071843624e+08
1.276240985266843081e+09
1.331951573190082073e+09
6.882994032106362581e+08
1.131353165086266994e+09
1.103311528626549721e+09
1.361840896271423101e+09
1.686951099645718932e+07
9.904245539674142599e+08
