-9.990000000000000000e+02
6.875590793177241087e+08
7.260339343600986004e+08
8.526874495991312265e+08
7.286198354313122034e+08
9.054370441731598377e+08
9.041519926291289330e+08
6.254737740534450859e+06
1.082944315964267731e+09
8.671017411212279797e+08
9.981872887740224600e+08
6.995824022654027939e+08
9.135324972753226757e+08
8.997129078474906683e+08
1.041131901500798345e+09
8.359801104793713093e+08
7.797819205350658894e+08
9.577160184940431118e+08
3.368991535089114681e+06
9.043150950464640856e+08
9.169217174489364624e+08
8.406027396506568193e+08
7.153914351361773014e+08
5.801930357221109867e+08
5.962250085731694698e+08
8.346201810661724806e+08
7.349593503875091076e+08
9.123350042810374498e+08
5.582937911930730343e+08
8.144985835163984299e+08
1.049304737625885487e+09
8.906211948215920925e+08
9.242525420669026375e+08
1.032469612847643256e+09
8.117176100947777033e+08
7.975893409563720226e+08
8.267214864715095758e+08
7.147147246186356544e+08
8.848055007637703419e+08
8.869100858120542765e+08
1.124494505144018412e+09
6.325293734875309467e+08
6.782735126646757126e+08
1.228586935308250427e+09
7.646184994151357412e+08
7.981436423252876997e+08
1.022607823672321796e+09
7.402306293406219482e+08
9.129261885178869963e+08
1.066867230796983600e+09
8.926596790860325098e+08
7.280844372728029490e+08
7.101963426740558818e+06
1.077430102957834959e+09
9.865779566163697243e+08
4.031253236986225005e+06
1.010814696016839743e+09
8.156101696565744877e+08
1.027243229435283065e+09
8.403716190446085930e+08
7.876863080636957884e+08
7.637666143364685774e+08
7.367710002251504660e+08
1.185608432016503334e+09
1.051142761567409992e+09
9.988549737244940996e+08
1.068825139995639563e+09
9.409713344355096817e+08
6.642698867603869438e+08
9.220122571488213539e+08
8.086757486209397316e+08
8.683651481680688858e+08
1.028285545226806402e+09
8.623756212213790417e+08
1.230515669229824282e+07
8.977490790138229132e+08
1.105740910586870432e+09
9.247664036027885675e+08
1.119770608594611406e+09
9.891688154559631348e+08
8.327426396285263300e+08
9.057643619092582464e+08
1.029651462829044819e+09
9.618859167929800749e+08
8.025910478131334782e+08
6.523817568796726465e+08
1.038360324859809875e+07
-9.990000000000000000e+02
1.339929620023528337e+08
4.026077110015621781e+07
9.132085431799838543e+08
9.514992960514814854e+08
1.056649564918535113e+09
1.103710254020768404e+09
5.720124371187105775e+07
8.296861467452143319e+06
8.941648491312807798e+08
4.823388807024174184e+07
1.012480501187057853e+09
7.955589467142208815e+08
7.777311381481601000e+08
-9.990000000000000000e+02
8.916066762664906681e+06
8.150540405446170568e+08
6.545411119520031214e+08
1.236432840624648333e+09
9.012220666354598999e+08
-9.990000000000000000e+02
5.156820246858575344e+08
8.980588350724389553e+08
9.417129096302062273e+08
1.951123941651640087e+07
1.226742211439255476e+09
1.017893495462513566e+09
1.038521056071917653e+09
9.835863836793881655e+08
9.546877819019929171e+08
-9.990000000000000000e+02
7.658411259018529654e+08
-9.990000000000000000e+02
-9.990000000000000000e+02
1.029855581650864363e+09
1.136489578341396809e+09
1.068580162838512659e+09
4.495413821628917940e+06
-9.990000000000000000e+02
8.176538750208766460e+08
7.593686171253249645e+08
1.039610933367604733e+09
-9.990000000000000000e+02
-9.990000000000000000e+02
1.162639191722361803e+09
1.056620465486621737e+09
1.183890760788480282e+09
1.130530236602781117e+08
8.148041438158227205e+08
1.044266535290918127e+07
1.021921847323098540e+09
8.555953655834813118e+08
2.092712676919043809e+07
1.036711375546094537e+09
0.000000000000000000e+00
-9.990000000000000000e+02
7.823725605215730667e+08
6.237157861106665134e+08
-9.990000000000000000e+02
7.528411059298540354e+08
7.196633621621977091e+08
1.215172301692365170e+09
8.209423081839889288e+08
1.116566591105473757e+09
9.272562603982403278e+08
1.046586475425965190e+09
7.288597083863139153e+08
3.074241117567327023e+08
6.572422392532250881e+08
8.270019616199630499e+08
1.035745142892822504e+09
9.610204972907867432e+08
1.956148048448875174e+07
1.717453990102683194e+06
1.335811938805879593e+09
1.202383264648675025e+08
6.903251910998911858e+08
9.551111548516329527e+08
1.283781069509159803e+09
7.293437623796731234e+08
7.546704115405375957e+08
9.132440798903391361e+08
5.974104505484452248e+08
1.018911181918233037e+09
7.493305740544806719e+08
2.509883124163418636e+07
7.816775556374665499e+08
1.678277012896509469e+08
8.417063060275602341e+08
1.205524828500148296e+09
7.543248479112077951e+08
1.122872683450631380e+09
8.527132470703183413e+08
9.270010726253428459e+08
9.464575688674464226e+08
9.745362195566164255e+08
9.411196360323884487e+08
1.326846748651073933e+09
1.350590471216052294e+09
8.911295941235524416e+08
1.217886325051050901e+09
7.357494166287020445e+08
3.303112436462034937e+06
1.360933604635384493e+07
6.889291890291680098e+08
1.024016778964094520e+09
1.410206881452170849e+09
9.729814607552428246e+08
6.787454020627702475e+08
1.329631395944837093e+09
9.634823331763200462e+07
1.013242338424624354e+08
9.694264538059704304e+08
8.992798028803012371e+08
1.008940771738061309e+09
1.008385339402228221e+07
5.565457518108416796e+08
7.361446715280079842e+08
9.895989913360860348e+08
9.421281144481360912e+08
6.210738499432445318e+07
8.976920953946121931e+08
8.850088401237086058e+08
1.129600314892272949e+09
9.035863272633527517e+08
8.891111868543024063e+08
2.872167428661061078e+07
1.090622423548121452e+09
8.923253749597434998e+08
7.614292039106020927e+08
9.202747498781113625e+08
1.058678620420009613e+09
2.813754334049836174e+07
8.647346747222895622e+08
9.920484953191500902e+08
1.147031392561183214e+09
9.508351512647094727e+08
5.949847108372435570e+08
1.260852922546226978e+09
9.111771531717993021e+08
1.120750308611149900e+07
1.011145894602944493e+09
2.869582791767298244e+06
1.059018141502094865e+09
7.170646893530339003e+08
4.225448645508060604e+07
7.116222668059091270e+07
9.696751135274232924e+07
1.325801294471842051e+09
9.277705981662029028e+07
3.759136008843438029e+08
1.274486284054024696e+09
-9.990000000000000000e+02
1.004254075465420187e+08
5.229720796460233629e+07
4.430773010533233732e+07
6.124634921367051080e+06
1.016352912757320762e+09
1.005375703813913226e+09
9.891460812370558977e+08
1.125287371071322203e+09
1.091113197449624777e+09
8.325030325784608126e+08
9.206689817805817127e+08
3.610328896297825873e+07
-9.990000000000000000e+02
8.806785736110315323e+08
3.949225131304367632e+07
3.893619063790456206e+07
1.258105931476371288e+09
9.969810128731206656e+08
1.167770349140275478e+09
1.128228347054393530e+09
8.622343040926808119e+08
1.226425509734641790e+09
1.033240275127620578e+09
8.878676890695303679e+08
7.581142596419255733e+08
8.185954516646627188e+08
6.230414251682705879e+08
8.359117319001188278e+08
9.815687980537641793e+06
9.258257577317497730e+08
1.675820779440403581e+08
3.457683149367460050e+06
9.901514348958448172e+08
2.806988729888512753e+06
1.243808149026631594e+09
1.648896639422878250e+07
1.081755923568439007e+09
2.494228202736618817e+08
7.617712215221403837e+08
6.998773297774527222e+06
9.644954477430961132e+08
7.812112665346733332e+08
1.403795261454555094e+08
0.000000000000000000e+00
9.179957078023799658e+08
7.634569480644876957e+08
7.947221993649710417e+08
6.753212138719875813e+08
1.261970381762670040e+09
6.851812452642973661e+08
5.527047741090326756e+07
1.850761985581598710e+06
7.867348707764335871e+08
1.202849358956221581e+09
1.263510233078742504e+09
6.390731199315105677e+08
1.062934284351339459e+09
1.057988108415218592e+09
1.283693238758293629e+09
1.859513421929790452e+07
9.373907644817618132e+08
