-9.990000000000000000e+02
-4.349764655540108032e+11
-5.662577721758679199e+11
-3.295363718556511841e+11
-4.779381006921208496e+11
-2.594816516735501480e+10
-2.405381773490576477e+11
7.985416839269508123e+08
-3.236959887431442261e+11
-4.067304121214710083e+11
-1.410245472525733376e+10
-8.986652545628175049e+11
-2.485271677170021973e+11
-3.589315995812089844e+11
-9.180413313212501526e+10
-1.391391969191959229e+12
-3.258155519320388184e+11
3.841493755788237762e+10
3.142739410401457310e+09
-3.832343693189495239e+11
1.997689420959340820e+11
-3.804378675605092163e+11
-5.679640403398724365e+11
-9.525386040444381104e+11
-6.856590045026503906e+11
1.251948073316955566e+11
-1.165740829483578949e+11
-2.619311457940007324e+11
-5.032123584056768188e+11
-3.572728080092586060e+11
-4.476306327373248291e+10
-3.223400916971865845e+11
-4.499668179983220825e+11
-5.655513259920052490e+11
1.458922394072568359e+11
-5.974940246545346680e+11
-2.009326738515855408e+11
-4.149065233752984009e+11
-6.191034258693275146e+11
-5.042710520200644531e+11
-1.508618701947931213e+11
-4.984261543563281250e+11
-8.225784561829119873e+11
4.047820506098776245e+10
6.521989843142266846e+10
-4.486690132280722046e+11
-2.301077166704780579e+11
-3.582006879489023438e+11
-4.685280898819257812e+11
8.340521375500184631e+10
-3.680030939599672852e+11
-1.059659049329775024e+12
1.859261059809353590e+09
-3.480661161456027222e+11
-5.054099862423547363e+11
1.176802043919022799e+09
5.824706997231280518e+10
-8.859628564043974609e+11
-4.854564103856194305e+10
-3.979699767146015015e+11
-8.169242668623076172e+11
-5.282919663412841797e+11
-1.415138146752570557e+12
5.757345192796453857e+11
-5.065522790331307220e+10
-5.888295283597703857e+11
1.305371631839253387e+11
2.090004615723497314e+11
-5.413198300456189575e+11
-7.702494342400316162e+11
-3.243818582635730591e+11
-4.574566747955128784e+11
-3.504918064835532227e+11
-7.828270534670172119e+11
1.600401541784327745e+09
-7.466383995292816162e+11
-4.962093031936113281e+11
1.938102574542672424e+11
-5.120162805360525513e+10
-1.090096144617608643e+10
-1.120881005002341553e+12
3.326010058497417831e+10
-3.136374366777650757e+11
6.666608182019226074e+10
-5.237468745312874146e+11
-1.640086562678167725e+11
6.539006240069598198e+09
-9.990000000000000000e+02
6.118964072259136200e+10
4.310535293983571053e+09
-7.542086816700108643e+11
-3.320869684130073853e+11
-7.451417948951679993e+10
-3.984968835115260620e+11
1.816832783235377502e+10
-9.196877000751797855e+07
-4.144060463513134155e+11
6.532366552409143066e+10
-1.347867936348379669e+11
-2.812195670777330933e+11
-4.998784989880827637e+11
-9.990000000000000000e+02
-2.043391575257689059e+08
-2.693212162291496582e+11
-5.141950123042223511e+11
-4.563760037897687988e+11
1.287112819480487518e+11
-9.990000000000000000e+02
-3.715699785755410156e+11
-7.935811326633216553e+11
-7.817873303567637939e+11
9.701863656903344393e+08
-1.429387265080386353e+11
-1.185977000754686737e+11
-2.341349141488427734e+11
1.990290096288526917e+11
-5.353891261275634766e+11
-9.990000000000000000e+02
-9.049749848496009521e+11
-9.990000000000000000e+02
-9.990000000000000000e+02
4.868555646134015503e+11
6.807705092791015625e+10
1.214789658338470001e+11
1.331743085445946693e+09
-9.990000000000000000e+02
-1.033067753746776978e+12
-2.369225641201245117e+11
-7.145660481990128174e+11
-9.990000000000000000e+02
-9.990000000000000000e+02
-1.158907965968574219e+11
-1.023406010808990234e+12
-5.969938591361055908e+11
9.418590856560920715e+10
-1.400859566341044009e+08
2.177565676525381088e+09
-1.751259972901333923e+11
-2.178007652285606995e+11
3.481887700428455353e+10
-6.477239007028677979e+11
0.000000000000000000e+00
-9.990000000000000000e+02
-3.739081265730478516e+11
-1.440861520578238220e+11
-9.990000000000000000e+02
-4.027065837765925903e+11
2.250203874124394608e+10
1.279822714009600830e+11
-2.613646490705820618e+11
-9.347416760533248291e+11
-1.577806845129164734e+11
-2.390359797393907166e+11
-2.867344495324791870e+11
-2.144504414207038269e+11
-6.377774552017391357e+11
-6.545078549456384277e+10
-1.349572434200959229e+12
-2.614098428907533646e+10
-1.622112477447669506e+08
-2.201559778188113272e+08
-1.291694710732339325e+11
9.587165727756297302e+10
-4.058936625079877930e+11
-2.751621501552232056e+11
-1.280990981460762177e+11
2.309694199765413284e+10
-4.309600827596071167e+11
4.720528433730888672e+11
-5.947278366928216553e+11
-1.216961406899918365e+11
-6.304379710676348877e+11
-6.329976997501266479e+09
-4.586216901093833008e+11
-3.507990519130022049e+09
-1.235991562341109161e+11
4.009685246665819702e+11
-9.832638666764881592e+11
-1.362731038350208282e+10
-1.420988212510850525e+11
-3.090114788570930176e+11
-3.688158470126141968e+11
-6.526429605646525879e+11
-1.162796177655562592e+11
-8.362076197959523010e+10
1.022984283702180176e+11
2.878221215191541138e+11
-1.981041435125651855e+11
-2.955563200479904175e+11
1.092682959171629906e+09
9.482730357499309778e+08
-4.117175796078298950e+11
-4.172738611328717651e+11
2.088055266911701965e+11
-4.802098369420299683e+11
-1.017997394644087891e+12
-2.418073266052811584e+11
1.509041519262520142e+11
3.517932408064802246e+11
-3.535760802397077637e+11
-1.571533613468451233e+11
-2.091720900642197266e+11
2.742293068019374847e+09
-8.413692196883023682e+11
-6.924112301719833984e+11
7.021096957842585754e+10
-6.122103704437457275e+11
-3.175761008759638071e+08
-2.950430128499170532e+11
-9.029998884917739868e+10
-1.321079714055456543e+10
-5.988753661736361084e+11
-3.361780328785413818e+11
3.064577288576842880e+10
-3.882837527222431641e+11
-4.073395521948901367e+11
-8.743239582379571533e+10
-8.135551827496983337e+10
7.964713932931896973e+10
4.572781336949328423e+09
1.749029508635157776e+10
-4.783865595656132202e+11
5.874305968006930542e+10
-2.200121995793558655e+11
-6.224550293712415771e+11
-1.570103333184162903e+11
-4.259892291923666992e+11
-4.280685876715833545e+08
3.835145298890104370e+11
2.610164108560806274e+09
-4.547475472941173706e+11
-6.103828332427491455e+11
-2.838437837426980591e+10
1.649982695403816833e+11
1.219538664041298676e+10
1.155747361976004639e+11
-1.618610453032290459e+09
-4.599676315374948730e+11
2.283217044972879639e+11
-9.990000000000000000e+02
4.655565692672884369e+10
7.654059555440980530e+10
2.035418462251738739e+10
5.353747272348520160e+08
-4.077032889351140747e+11
-1.360545088752820778e+10
-2.421418919690892639e+11
1.328960289421241455e+11
-1.380192085076426758e+12
-4.420542588442185669e+11
-5.621904680901788330e+11
4.157757506492606640e+09
-9.990000000000000000e+02
1.681619176599329567e+10
2.503809480231517410e+10
1.166905295169669533e+10
-9.763599836036636963e+11
-6.216192592801229248e+11
1.483271060716391602e+11
2.290680552139336853e+11
-1.604176571322603760e+11
-2.316046047063884583e+11
-3.758538090884992065e+11
-6.468834822964810791e+11
-2.688640606698759766e+11
2.257157432997550049e+11
-1.468234460601257629e+11
-3.395602058803411255e+11
2.717892324067547321e+09
-4.160507398716419067e+11
5.453401460037579346e+10
-4.713426651720827222e+08
-5.094950940654917603e+11
4.862076556771437079e+07
2.559264213706652451e+10
7.067690780579528809e+09
2.678007263241939926e+10
2.215332566917210770e+10
-1.286590530385858398e+12
-1.198551173833050281e+08
-1.198976768161071533e+12
-4.357466816137133789e+11
-1.327157705909311485e+10
0.000000000000000000e+00
-6.098400166670521240e+11
-8.244941337870000000e+11
-7.854285131889244385e+11
-2.875561054896104126e+11
9.273767726942359924e+10
-3.782147675356765747e+11
-2.324343983059010983e+09
2.828677837883026600e+08
-9.809284638979332275e+11
-8.107290551179351807e+11
-7.187934865097212219e+10
-5.530656987572337500e+13
-1.722393645306295471e+11
-2.329085307073695755e+10
-3.550363451189241333e+11
5.021175446462738991e+09
-4.536513300817666016e+11
