-9.990000000000000000e+02
5.953457242235069531e+13
3.139193936522816797e+13
4.480050872690721094e+13
4.342739872059807031e+13
3.319599292041650000e+13
4.292949421691975781e+13
1.590430869819037056e+10
3.378569620474045312e+13
3.952998531293216406e+13
2.703475283373288672e+13
6.128448577237656250e+13
4.504918481367022656e+13
3.628001739889382812e+13
3.174603987292548828e+13
6.841679204353689844e+13
3.049171826650415234e+13
2.387756992157537891e+13
1.017097139699343414e+11
2.729429842797883203e+13
4.241402021126815625e+13
3.834660234481580469e+13
4.997844237617921094e+13
4.727665639666032031e+13
4.540188943091350781e+13
3.804785762190649219e+13
2.090522555123881250e+13
4.422189099077760156e+13
5.143164778481614844e+13
3.635733054503375000e+13
2.520505493884815625e+13
4.839505701038333594e+13
3.887561982682568750e+13
4.160215003314224219e+13
3.249621068020532422e+13
7.018548366584159375e+13
4.579276099711610156e+13
5.529113378418727344e+13
3.830574331126605469e+13
3.527353665102325781e+13
1.334855347519736133e+13
4.949773087602652344e+13
4.721731575677925781e+13
6.895800515735273438e+12
2.670418140829916797e+13
3.937398769338708594e+13
5.761368002440840625e+13
3.804171558593799219e+13
5.494814352197671094e+13
3.636226943417297656e+13
4.978552488645771875e+13
6.114482659180881250e+13
1.585159221095065918e+11
2.071301285817176172e+13
3.564880754618264062e+13
1.641821736418941307e+10
3.328560854941777734e+13
4.567053654258922656e+13
1.912784832451830859e+13
3.243070745867992578e+13
4.947697862336521094e+13
4.867771992096600000e+13
4.418549335026532031e+13
2.013659371845883203e+13
3.131003778006971484e+13
4.443545208972511719e+13
3.273604171087598828e+13
3.019355342954685547e+13
3.652703092115782031e+13
4.114137144041199219e+13
4.488097802424916406e+13
1.826620566895941797e+13
3.205988846056501953e+13
5.242962014709293750e+13
3.578838955762586060e+11
5.049865121133790625e+13
2.265901749921505078e+13
4.195163067631838281e+13
1.497631602877325586e+13
2.311589676422048438e+13
5.854058794988671094e+13
6.585600967354287500e+13
3.835093020090706250e+13
3.045354635744521484e+13
5.015525327617328125e+13
3.735620591905492969e+13
6.768327963066761475e+11
-9.990000000000000000e+02
8.502949182282062500e+12
2.657895866634636719e+12
4.268218280663305469e+13
6.244317068010789844e+13
2.927780235912790625e+13
3.681201830749142969e+13
3.926632199542905273e+11
4.967386598825206757e+09
2.488784806450720312e+13
1.554865008169102295e+12
4.187475233635567969e+13
2.820466221726357812e+13
4.042165666143268750e+13
-9.990000000000000000e+02
9.372580373797079325e+08
4.213564612813840625e+13
4.692643676649537500e+13
4.139143267883164844e+13
3.620123201459871875e+13
-9.990000000000000000e+02
4.689682682130515625e+13
7.685922087146295312e+13
3.276156200150259766e+13
2.370484463100966263e+10
4.712540512626482422e+12
2.383708750911051172e+13
2.907771557652389453e+13
3.874897782671390625e+13
2.405828545744840625e+13
-9.990000000000000000e+02
6.874039946836200781e+13
-9.990000000000000000e+02
-9.990000000000000000e+02
8.865151045570725000e+13
2.857026725895914062e+13
2.951162368155981641e+13
1.470461632331882668e+10
-9.990000000000000000e+02
7.046332689257826562e+13
6.189619657502643750e+13
7.795175127552192188e+13
-9.990000000000000000e+02
-9.990000000000000000e+02
6.815225478542079102e+12
5.419304013586493750e+13
5.285959583505700781e+13
9.979557456666611328e+12
3.245208539558187109e+13
1.398475230162126160e+11
5.073466123780810156e+13
7.294319313471279688e+13
6.905239832858094482e+11
3.762057298506791406e+13
0.000000000000000000e+00
-9.990000000000000000e+02
5.346899692524735156e+13
3.162846367028575391e+13
-9.990000000000000000e+02
6.877809968412478125e+13
2.233100670668854688e+13
2.239196089876762891e+13
2.919630056513106641e+13
4.189231631745792969e+13
3.372559332627389453e+13
1.847396004688115234e+13
7.254108118526815625e+13
2.031600068710070703e+13
5.328431641860796875e+13
3.210034548702619922e+13
4.919564070363966406e+13
1.947984424769627734e+13
2.422249668466880322e+08
3.455496983343099117e+09
3.465345820597804688e+13
1.790196258570315234e+13
3.916637720788328906e+13
2.384144641204416797e+13
1.362320077078133398e+13
3.285482772596331641e+13
5.705261471577427344e+13
5.081668476480215625e+13
6.076461114515796094e+13
3.748420574135230469e+13
1.109480399233830000e+14
4.561705898711668091e+11
4.804761147292449219e+13
3.563860771654124146e+11
3.683937583578295312e+13
3.435118691888496484e+13
3.734596211457839062e+13
2.795321867432101953e+13
2.926094469131031641e+13
7.161009541567773438e+13
5.780446126193628125e+13
3.947769287038514844e+13
2.402695633718615625e+13
2.061513789925964062e+13
4.250983363459643066e+12
3.486210223452164453e+13
2.780029493966244141e+13
2.773137837659271484e+13
2.915080880633242798e+10
2.291837021242468262e+10
6.261263154294753125e+13
4.239365302733997656e+13
7.503294901399946289e+12
4.555114714587466406e+13
5.436659158886489844e+13
3.782132556907827344e+13
6.840879008675104492e+12
4.311209521171292969e+12
3.775932293763225781e+13
3.040110715217987891e+13
2.382784453931815625e+13
4.356764104869926147e+11
4.531791599056353125e+13
2.437781108181761328e+13
3.090914491029828125e+13
3.756069272223066406e+13
3.888042845445731282e+08
4.794501229994675000e+13
3.148573292242148047e+13
9.302839643335941406e+12
6.560806537094203906e+13
2.773435399181531641e+13
3.410890588752457275e+11
2.890591148533716797e+13
7.858515885286387500e+13
2.487781656601955859e+13
2.905339314399914453e+13
1.768554516248207422e+13
1.220394348741487274e+11
3.256345998328006250e+13
3.178178003451456250e+13
2.212920312584782812e+13
2.224434161347159375e+13
3.911050284441711719e+13
2.103034840387630859e+13
1.883587111792771875e+13
1.083359234519451141e+11
5.248865581066096875e+13
4.232945209663587189e+10
3.202948198515225000e+13
4.960841417841075000e+13
1.714653665255455811e+12
9.453956784523564453e+12
2.184882083759890137e+11
7.098707066583003906e+12
4.694613298310109711e+10
3.544358657353650781e+13
1.479991439466010352e+13
-9.990000000000000000e+02
4.888200663532549805e+12
1.825034751670519775e+12
1.256625643516619873e+12
8.864836443675634384e+09
2.974524159920764062e+13
1.589422386419784375e+13
1.363911842666583594e+13
1.299041062515515625e+13
2.621189914352491797e+13
7.304878646112920312e+13
7.626241875951256250e+13
2.181567971153393799e+12
-9.990000000000000000e+02
5.036053796834521875e+13
1.117009939594973389e+12
6.656119854976248779e+11
5.599465527364507031e+13
8.397235859278714062e+13
1.832710574900979297e+13
2.018207911323900391e+13
3.367097681217014453e+13
6.051515747767329102e+12
3.079332119267754297e+13
3.799745708604194531e+13
4.847752159576708594e+13
3.811056337609776562e+13
5.898564671154661719e+13
3.717757893079989062e+13
5.496092695021628571e+10
6.670925524179184375e+13
9.110768987013492432e+11
3.437584255219428451e+05
6.715441683472978125e+13
2.823928693627569962e+10
1.203479579047210938e+13
2.012070777231667786e+11
2.653938462494944922e+13
6.171579387194307617e+12
3.323914938634939062e+13
1.408692785108632088e+09
6.106945210655585156e+13
7.059537677404721875e+13
1.642920165146447754e+11
0.000000000000000000e+00
5.726982022499333594e+13
1.002917256519860000e+14
2.605055938302171875e+13
2.051570133239428516e+13
3.512669079807954590e+12
6.698180611693558594e+13
5.366162935094643555e+11
1.959849620817766953e+10
1.269333316190847969e+14
1.047656216059042031e+14
2.410832841636045703e+13
3.229898667152360938e+13
2.598980385403998047e+13
2.626576976537826172e+13
2.954933516694826562e+13
2.215679389369010010e+11
4.287033907713809375e+13
