-9.990000000000000000e+02
1.085441839173945469e+14
3.031353209502601250e+14
1.038901322646024375e+14
3.668250847925044375e+14
5.255441755351753906e+13
1.468396836960659961e+13
1.225184971178510475e+10
1.261146977456100586e+13
2.256219041089839688e+14
1.552539240820453125e+13
6.195800150528976250e+14
1.276532015598346680e+13
2.275288037593392812e+14
1.030203752354508281e+14
6.355287234166393750e+14
1.422217223114086562e+14
5.112722848875716406e+13
1.063078990522084351e+11
2.106667792636112500e+14
1.665849176645260352e+13
1.876423067609521875e+13
3.610245727163826875e+14
4.841166819991378125e+14
4.850102477249239375e+14
3.219021592419396875e+13
5.998985289950018750e+13
1.390984194961307227e+13
3.752771854082622500e+14
3.919511911981519531e+13
6.089836873754128906e+13
1.140245154161957031e+14
1.408135913666172188e+14
1.117295058836013125e+14
4.203903860454792969e+13
2.635893580350266562e+14
1.530499499571043438e+14
2.714986507299212500e+14
3.321718683024900625e+14
1.935077500680134062e+14
1.710346433127923242e+13
2.221584378392355000e+14
5.313228547774941875e+14
2.171741125167982422e+13
2.261325428297378516e+13
1.550150931932929062e+14
1.919461925249625938e+14
1.169916090892644844e+14
4.116422266681528125e+14
2.642957478793614453e+13
7.026539834190584375e+13
5.428651707934066875e+14
9.586054787760133362e+10
2.251802568727823828e+13
1.882586962931250938e+14
9.768914552567310333e+09
5.304967686642768750e+13
6.060696845468477500e+14
3.046653249311991016e+13
4.316090871375479375e+14
2.870594104641921250e+14
1.410489965195433750e+14
1.028577069409277000e+15
1.679167118130974805e+13
2.011900496136243750e+14
1.527426315948870312e+14
1.153944015194994336e+13
1.910121627605493750e+13
3.383072631870496250e+14
9.620742331948226562e+13
2.445403863413608438e+14
7.785840724784545312e+13
1.235563765017358281e+14
4.122786486131606875e+14
1.340097585858355713e+12
1.208642767724650156e+14
3.326156764994616797e+13
2.987388038297283984e+13
6.666106669938929688e+12
6.177908650783263281e+13
5.871914328240066250e+14
4.522565337712415625e+13
1.624875533874449414e+13
1.905212173259739453e+13
9.761874556357689062e+13
1.133233402982325156e+14
3.276762859721259766e+12
-9.990000000000000000e+02
1.548054851619038086e+13
1.732556920858993164e+12
2.745957973215981250e+14
1.884324025753191797e+13
2.560184239252164062e+13
1.709592489274507500e+14
3.988402990963108521e+11
3.940225763930009365e+09
2.850062700523867578e+13
1.130997023550845508e+13
1.628427340051575938e+14
7.922096551538248438e+13
1.789375871875687500e+14
-9.990000000000000000e+02
6.962300616072512865e+08
2.015534742006141250e+14
3.391050765884638672e+13
1.606775909152952148e+13
3.205885510103148828e+13
-9.990000000000000000e+02
4.852658600498768125e+14
2.374252252616017812e+14
3.285637770542870625e+14
1.704641967823213768e+10
3.329831001937763184e+12
8.200738374351214062e+13
4.558696460320500000e+13
1.476175700029382500e+14
1.831822253917720000e+14
-9.990000000000000000e+02
4.568293205136031875e+14
-9.990000000000000000e+02
-9.990000000000000000e+02
2.879767100007775391e+13
3.334896407749794141e+13
7.559962024311981445e+12
1.522559670624334145e+10
-9.990000000000000000e+02
7.449086004119203750e+14
2.667599193783023047e+13
1.520223044647424688e+14
-9.990000000000000000e+02
-9.990000000000000000e+02
6.342535238522180664e+12
1.034775737871185781e+14
6.013890779100564844e+13
6.006997083447558594e+12
9.547336677040842188e+13
5.493759147609909668e+11
6.486479609971175000e+13
1.187525894028133906e+14
5.830034652936735352e+12
1.326307858549042969e+13
0.000000000000000000e+00
-9.990000000000000000e+02
1.143792709526276094e+14
3.370171630692826953e+13
-9.990000000000000000e+02
1.805949045919855938e+14
6.318311943348412500e+13
1.773734679940625000e+13
1.103786739709357969e+14
3.570251869911730625e+14
3.402711516406880625e+14
6.032508187262714844e+13
1.433770856117709688e+14
9.729491724726675000e+13
2.155431647958557188e+14
4.760380476028809375e+13
2.506950053235549062e+14
4.723891444799553125e+13
5.462615421528152227e+08
2.816371124692854691e+10
6.903486051400185156e+13
5.961102405986764844e+13
2.103606591190277812e+14
8.250920010367571875e+13
1.282955414077900000e+13
2.233087900577695312e+13
2.848646645917526875e+14
5.996419218640028906e+13
5.920996298816810000e+14
7.635097920498568750e+13
4.682014216358095000e+14
6.861648470601917725e+11
4.940148627636266875e+14
9.594653258458712158e+11
1.594771046924615938e+14
2.337161523477579688e+14
4.251375188352781875e+14
9.087454428241408203e+12
3.827640658263397656e+13
3.222438125351195625e+14
3.783150814720439062e+13
2.665791797741315938e+14
4.368928366765743750e+13
1.616111198737768555e+13
2.190337708591301514e+12
1.698177098804342188e+13
1.135276665071619727e+13
1.647323364912837188e+14
1.833588890550688553e+10
6.440221647146610260e+10
6.893938248794672656e+13
2.886613333915975391e+13
5.109262148876660156e+12
1.752699481825906250e+13
5.346241287538248125e+14
4.796831891161321094e+13
8.507354379433535156e+12
2.885092012829559375e+13
1.494506342787565000e+14
1.495849254480846875e+13
1.225561897824499531e+14
1.872132767034973450e+11
4.126433115200443125e+14
3.132125117216271875e+14
1.519444177771497852e+13
3.411580349536446875e+14
7.224734019603744745e+08
3.108443341147010938e+13
5.741290441222925781e+13
9.579433872211392578e+12
1.034841284675637969e+14
1.070532484992567969e+14
3.755657662288035278e+11
1.777152514919844062e+14
2.187689029737631641e+13
2.408426113173667578e+13
1.613820347502847852e+13
3.862423119900575000e+13
7.186750480406524658e+10
1.573918041419244062e+14
1.217729984755506250e+14
7.958680834245934570e+12
2.421799924970589453e+13
3.250304452633549375e+14
8.329334197525265625e+12
1.095758029754975000e+14
2.730882240379600830e+11
2.150916641224284766e+13
1.666964433837582092e+11
2.431930369941818438e+14
3.142035729548596875e+14
6.904852028248826904e+11
6.097366756122575000e+13
1.754300242744456482e+11
3.117790872411704297e+13
2.900715722017095337e+11
2.583770545871346562e+14
9.356712913353304688e+12
-9.990000000000000000e+02
2.220051516730446777e+12
1.810935075262989062e+13
6.123754998909144287e+11
2.696066760491542435e+10
1.569283693301315938e+14
1.025583641332918281e+14
8.069528864090640625e+12
3.102756285369264062e+13
5.579505806668435000e+14
4.138179270469510000e+14
4.645982244541972656e+13
2.797648228014931152e+12
-9.990000000000000000e+02
8.137671163552173438e+13
5.254139446871804688e+12
1.786847465627160156e+12
2.930599971272751875e+14
2.624229922397484766e+13
2.462846936112887500e+13
4.119657240488242969e+13
1.366487710056385625e+14
3.645317678763601074e+12
3.036627077848729375e+14
2.350394516108931562e+14
1.836382536003086562e+14
5.902243438737206250e+13
1.824568888790695938e+14
1.164135998985574219e+14
2.852136136529501724e+10
4.088072655362228125e+14
6.371915317713497314e+11
4.043617580701004863e+08
5.241794536377203125e+14
2.324665780996959534e+11
6.034711282502487305e+12
3.469645396545093994e+11
1.030703368339795898e+13
2.156650244107044678e+12
9.163516486220925000e+14
9.258493989644035101e+08
5.747663215652221250e+14
7.036749758918896250e+14
2.874614138979802856e+11
0.000000000000000000e+00
3.786265557115790625e+13
3.006464258552090625e+13
5.064089945367085156e+13
1.883356256299045938e+14
1.880296852700266357e+12
5.686779394829140625e+13
8.097256811804674072e+11
1.671405050052232933e+10
2.964403721082488750e+14
2.968465211887317188e+13
1.095860949511584766e+13
3.417261001114343125e+14
1.209148286479195508e+13
2.554805954073223438e+14
2.215542773911126172e+13
2.349563569302899170e+11
3.118633413082812500e+14
