-9.990000000000000000e+02
8.351997120808943750e+14
3.734277084689545000e+14
6.255888970087462500e+14
1.234196564066544750e+15
6.750783296233006250e+14
4.792139036520195000e+14
1.098462529278315625e+15
4.000424313433388125e+14
5.648305234268498750e+14
2.508034717976421250e+14
8.503826957272613750e+14
8.095068628083850000e+14
5.979782130754086250e+14
9.342662270463726250e+14
1.230339622202788250e+15
4.798303926012363125e+14
2.584230559357680000e+14
1.083839736660195625e+15
2.929387179845409375e+14
1.371819229482093750e+15
6.415609143687033750e+14
5.547482608620097500e+14
9.942748194653946250e+14
6.608316576275948750e+14
5.363684263465173125e+14
2.940102769005458125e+14
4.816788086498359375e+14
1.058343819632640375e+15
7.947837575391638750e+14
3.047042368924307500e+14
5.352051979734095000e+14
1.091738172428375000e+15
8.225406205173490000e+14
9.921836929186501250e+14
8.094648131882546250e+14
6.032767320815991250e+14
9.354399269212105000e+14
5.444832534686648125e+14
8.148385113866751250e+14
1.436608856403599375e+14
1.288754464216348750e+15
5.104129998862924375e+14
5.977758213009302344e+13
3.113382682226065625e+14
7.018706720840886250e+14
1.538128658098090750e+15
4.705926488317118125e+14
4.685107912724844375e+14
5.648632339545686250e+14
1.194927402407621250e+15
1.726007137324994000e+15
9.299530667340570000e+14
3.429931413080756875e+14
5.645204035466658750e+14
1.095515893861546500e+15
4.909063073621345625e+14
6.796585064991045000e+14
1.667079288700110312e+14
3.805335659387809375e+14
1.117178255483754625e+15
1.042687333012773000e+15
9.110616854656546250e+14
2.463310261749954688e+14
3.582636120850806875e+14
1.320086650878683250e+15
2.308369076675711562e+14
7.193971664403285000e+14
4.542548862284651875e+14
1.087130415857533625e+15
9.010893876813166250e+14
3.375404007096165000e+14
4.304514179221974375e+14
8.833634469922870000e+14
9.402211206120966250e+14
5.188424521860030625e+14
5.181452084913585000e+14
1.783849788572744000e+15
1.067854652269318125e+14
6.992020863423093750e+14
7.231061444828338750e+14
1.343794781751713500e+15
5.650315548986300000e+14
2.876524155487335625e+14
7.215141978036956250e+14
3.396024222041680000e+14
1.037255682135044375e+15
-9.990000000000000000e+02
8.195631699798466250e+14
1.089011997319520500e+15
7.198259395268193750e+14
8.360680484540481250e+14
3.493298074471101875e+14
5.010047161070158125e+14
1.101394406469784500e+15
1.174831713959475750e+15
5.219457705323612500e+14
1.110691834282416000e+15
8.452846675375333750e+14
4.196845178865961875e+14
6.222702933008838750e+14
-9.990000000000000000e+02
9.639650448563273750e+14
1.051831885395656125e+15
1.144527384387248250e+15
6.776935105760311250e+14
3.072776803509470625e+14
-9.990000000000000000e+02
9.566651726876936250e+14
1.554438027037260750e+15
6.316512225658321250e+14
1.158382954680905750e+15
5.543785758695864844e+13
5.726561367074553750e+14
4.592665604573118125e+14
1.418624325515667750e+15
4.943093016582880625e+14
-9.990000000000000000e+02
1.597603864587083750e+15
-9.990000000000000000e+02
-9.990000000000000000e+02
2.643370268217966000e+15
5.769869093337648750e+14
2.470959203923660938e+14
1.176513651994478750e+15
-9.990000000000000000e+02
1.289284442503006000e+15
4.936830809358884375e+14
2.809842270500254500e+15
-9.990000000000000000e+02
-9.990000000000000000e+02
2.744910698890423438e+14
5.500915261066105000e+14
6.151675910712423750e+14
1.040151756614641125e+15
7.098864548424365000e+14
1.173566541220224500e+15
6.603361399090051250e+14
7.202686077731886250e+14
1.145293008777856000e+15
7.655067612891073750e+14
1.177041822287953000e+15
-9.990000000000000000e+02
6.728530848861348750e+14
2.571252793080242500e+14
-9.990000000000000000e+02
2.175570508943080000e+15
1.727820942511858438e+14
1.481867403460025938e+14
3.304905841428995000e+14
1.100134018807580375e+15
3.272600977338427500e+14
3.014259328879469375e+14
1.085905796719862375e+15
9.120883058450206250e+14
5.991052553347851250e+14
1.342510952569221250e+15
1.417078351411482000e+15
1.537247655830817812e+14
1.100539115537327875e+15
1.172427947567178750e+15
3.738402858693559375e+14
1.201133924154808250e+15
9.054646632285170000e+14
2.351140544125707500e+14
3.124721796999451875e+14
4.693463493681846875e+14
1.302213668855066750e+15
1.748857963947026250e+15
7.204630251303753750e+14
7.101419271815881250e+14
1.097457718982315000e+15
8.466963224631571250e+14
4.574273920820380000e+14
6.105346485305773750e+14
8.642253858004616250e+14
4.342580501380716875e+14
1.435291498265278250e+15
5.422263567143215625e+14
3.244608345025073125e+14
1.532912551527509250e+15
9.395950955337401250e+14
8.069510471295736250e+14
1.090414067627980125e+15
2.092290340776152500e+14
3.589482905291642969e+13
3.519662337422929375e+14
2.875265360637220625e+14
5.078393147388850000e+14
9.779590141536450000e+14
1.036942175762106375e+15
1.296115463185567000e+15
1.114579352558272375e+15
8.987198248988395312e+13
5.037817983633483125e+14
1.130844248758108250e+15
2.470392633915506250e+14
1.089630412290840000e+15
1.093762077425401625e+15
3.670892921082616250e+14
2.696390834779684062e+14
1.943233830161659062e+14
9.755124798180261250e+14
1.143892530901120500e+15
8.279300627212790000e+14
3.787689261980558125e+14
6.406660175159906250e+14
1.013402276623063625e+15
9.447908763453805000e+14
5.805811337434856250e+14
2.014279419594542812e+14
1.403227178872795250e+15
6.145066041718791250e+14
1.148175482994567250e+15
2.971031359649443125e+14
7.757049540472768750e+14
2.297225808343520000e+14
5.019476116333113125e+14
4.349513892113065000e+14
9.474679849214950000e+14
1.230542057624749250e+15
3.599667331356025625e+14
1.764103254054246875e+14
1.738436485197105938e+14
1.305647408478264000e+15
1.393580797367008281e+14
1.993419258907148438e+14
1.058207644488818875e+15
1.389164850189794250e+15
1.162873214546485250e+15
9.965984595503763750e+14
8.238322827702298750e+14
1.233731958673847750e+15
1.325374940031047750e+15
9.790155575056113750e+14
5.264618533775907031e+13
1.029619894826176375e+15
8.619619263680076250e+14
4.420049456821158125e+14
-9.990000000000000000e+02
9.584301712227260000e+14
1.110972533066567125e+15
8.666775041131708750e+14
1.176296615864585250e+15
2.841334179578499375e+14
6.776064082882575000e+14
2.427249403553060938e+14
2.551532881098030000e+14
9.571799136837643750e+14
1.048749851798500000e+15
8.690095354784496250e+14
1.091825936021682625e+15
-9.990000000000000000e+02
5.276736242817205000e+14
1.132787983606505250e+15
1.107664571986479875e+15
1.062685062729932500e+15
9.256085673808508750e+14
1.318573066757380000e+14
2.524365981098202188e+14
6.563914449106681250e+14
1.669034028029362188e+14
3.993890584384330625e+14
4.951610571889656875e+14
4.464159113773386875e+14
4.025885676707580000e+14
2.292247558287131000e+15
1.228327580029966750e+15
1.131778676934484000e+15
1.643047697872992000e+15
8.963765074670013750e+14
1.176597487525191750e+15
5.729367703513756250e+14
1.150838563307780000e+15
1.420711523582485312e+14
1.146745612907471750e+15
1.594288851864042812e+14
7.811127906856543750e+14
4.916542876506125000e+14
1.165063029900053750e+15
1.721845566816203750e+15
1.908175589225260000e+15
9.076951107396711250e+14
1.177041509857364750e+15
2.245628713099856000e+15
1.422333998090480250e+15
2.360991247532038438e+14
8.658383709931023750e+14
5.001044409016962500e+13
1.218066295648953750e+15
1.070681256328394125e+15
1.023764533297452000e+15
3.711593805094006500e+15
1.045388301523370375e+15
1.641372719140653125e+14
3.663523486187095500e+15
2.757148257701749062e+14
9.870306360148766250e+14
3.421010286296144375e+14
1.039232870442823000e+15
8.138953320158295000e+14
