0.000000000000000000e+00
5.019662521261244320e-02
5.318007975960260120e-02
8.541693603914207733e-02
4.981619242183248780e-02
5.586580324048653207e-02
5.418801814558597135e-02
5.389802295490583872e-02
5.493131768253561864e-02
5.032700642236083433e-02
6.384581544381233431e-02
4.996081156055835748e-02
5.392132405286063912e-02
4.834200504473550736e-02
5.124671306820686306e-02
5.050892146413458322e-02
4.835583413368781114e-02
5.302089764102890790e-02
4.565870358266322510e-02
4.743106594734662618e-02
4.651400525653639345e-02
5.445257664853858648e-02
5.504501054479530447e-02
5.207740818581192699e-02
4.982534657355226770e-02
5.247440737142978345e-02
5.373635014762647572e-02
4.770994682099775896e-02
6.987691969489132071e-02
5.319429315426713045e-02
6.480280747175638789e-02
4.771831296879867901e-02
1.029832444421322490e-01
4.747438363782201937e-02
4.912616692120187756e-02
5.041863045223516498e-02
9.514262514696623929e-02
4.846515841017879495e-02
5.309275943926305974e-02
5.128777419564857498e-02
5.262043798397899458e-02
5.287033405205233266e-02
4.749753200527569164e-02
8.503184172912686689e-02
5.590255077323977306e-02
6.332711083978261046e-02
4.864921737114255573e-02
7.390628565192473853e-02
4.789644932166640945e-02
5.468825030651979641e-02
4.810560855326503904e-02
4.587893215665260482e-02
5.692233256676142161e-02
5.407401952696141989e-02
5.087141769664529217e-02
5.251365995906517176e-02
4.433883132548629979e-02
5.333897020665854388e-02
5.094684754565802220e-02
8.057106817456380354e-02
4.847376892457525704e-02
4.604337511925520737e-02
5.273040821034630232e-02
7.030506933736138664e-02
5.456900478383797104e-02
5.366770228831242717e-02
5.433815057550199501e-02
4.843870164360013914e-02
5.373291035853903358e-02
5.669134447752263023e-02
5.599813155691268918e-02
5.539329603690699294e-02
5.485193292194931458e-02
4.484782222888578779e-02
4.537777190985747833e-02
4.541295764587773703e-02
5.160770837513139336e-02
4.507976572033253748e-02
5.206382025615635678e-02
4.656474785293140267e-02
5.225842059350672281e-02
9.556600649592038310e-02
4.638844896060684980e-02
1.112459739568614631e-01
5.035860958694771822e-02
6.664517574845491010e-02
5.236834535863948287e-02
4.598369506707697396e-02
5.058849084093078319e-02
4.458356298338712886e-02
5.640036983031755657e-02
4.618096114710219108e-02
5.376480863983029018e-02
5.122218056734733488e-02
5.082133297114528603e-02
4.794043257903297245e-02
5.148544098308230343e-02
5.596529921543959979e-02
5.244673083905292826e-02
5.305186736541346593e-02
5.088590844821305748e-02
