0.000000000000000000e+00
5.109999336611304593e-02
6.792198703548825434e-02
7.167986148948432557e-02
5.249401171908315428e-02
6.767402434906691355e-02
7.110442252181874145e-02
6.337954484918158216e-02
7.200356925244615069e-02
7.200944316008811574e-02
5.884979610921376586e-02
7.352511982242031230e-02
7.206685668253394461e-02
7.147950962217040904e-02
6.497196646392512653e-02
7.124730340113775984e-02
7.343459793948160785e-02
6.221201984435213717e-02
7.152694523577877994e-02
6.437350336674536877e-02
6.904852805596486953e-02
6.895375418562051106e-02
7.141159574736838378e-02
6.877238085043090032e-02
7.210509373631845964e-02
6.568294865513539527e-02
6.995138772528189386e-02
6.140389925781757768e-02
5.031219302306343816e-02
7.156795780867634960e-02
7.156083982599317772e-02
7.047734997274601731e-02
7.993933401570581243e-02
5.756996784575767190e-02
6.230745533857515867e-02
7.230705147689750478e-02
7.202940990297279633e-02
7.181013422677137714e-02
7.142607941245260328e-02
7.237464093349126049e-02
5.995212708453775963e-02
6.312296121338756283e-02
6.951363495366834344e-02
6.103002423063810106e-02
5.909773152667732038e-02
6.242369980984852074e-02
5.285404392259801520e-02
6.859285847708389283e-02
5.486099007659921145e-02
7.000063269083320328e-02
6.768634589811330093e-02
5.314131868037105799e-02
7.105709446898969550e-02
7.326192429363616310e-02
7.251778462606929543e-02
5.815464350987541164e-02
5.896508992868219196e-02
6.954048246806079914e-02
6.878717798468851619e-02
7.288304942036109846e-02
5.697507661246446059e-02
5.940315713994370056e-02
7.019921695765125869e-02
7.128342960194061773e-02
6.911231957269933779e-02
5.992186029722547380e-02
5.716069294132791051e-02
7.220855636834100366e-02
6.306452072849499935e-02
5.628817793172972983e-02
6.976706697086063058e-02
7.208284856152492870e-02
7.118699816564259819e-02
7.241054084039358352e-02
4.758665288570935320e-02
7.094217578640715782e-02
7.186225817258697079e-02
5.821630950653977621e-02
7.205355264376785140e-02
6.564627946403092662e-02
6.688970384730395791e-02
7.214034402575279781e-02
7.166369515272283386e-02
7.539587831666208495e-02
5.745049290574001655e-02
7.112483039220689196e-02
7.026984606618744134e-02
7.169980285513181950e-02
7.195167129026919239e-02
5.536957844200744716e-02
5.853956882479753598e-02
7.389502396363366310e-02
7.104661510597652663e-02
4.612910181093625439e-02
7.199881428945092976e-02
5.755053338604954744e-02
7.388202658331781414e-02
6.595254458175758838e-02
7.032347851634106195e-02
7.210945833148221795e-02
7.285077968084950617e-02
