# global_mean_temp amazon_mean_temp congo_mean_temp seasia_mean_temp
2.880738483034337492e+02 3.024391867165113013e+02 2.987975373876342928e+02 3.021895624432256113e+02
2.875229805530180442e+02 3.011141090632594342e+02 2.978742524890369054e+02 3.018935440382385309e+02
2.882090919443125472e+02 3.022240227835252995e+02 2.990501133759702270e+02 3.027412266224312134e+02
2.882145421206901119e+02 3.026722797159059155e+02 2.990857468510035915e+02 3.027102795987044033e+02
2.886694809178498531e+02 3.026515038524526631e+02 3.004210319256616231e+02 3.032878705552226961e+02
2.891068674423818265e+02 3.037165192856813860e+02 3.007432854943527332e+02 3.029400370601364330e+02
2.902533071153627589e+02 3.053711440856448576e+02 3.018787607151552379e+02 3.038455416073636002e+02
2.891843214304979597e+02 3.037093851903767359e+02 3.010058670952375905e+02 3.034391374460298039e+02
2.870807671210710623e+02 3.003177965963092220e+02 2.977662298865995467e+02 3.017600376392819612e+02
2.883650135358033708e+02 3.022410107956869183e+02 2.996788145691292016e+02 3.026839660859000105e+02
2.884568349775718730e+02 3.022536692731124504e+02 2.999292382407290347e+02 3.032068330555395050e+02
2.900709826980771027e+02 3.036667308506089853e+02 3.020232644548851795e+02 3.044682919458691686e+02
2.901399973602715363e+02 3.043551195847361441e+02 3.025176196537301507e+02 3.038831090238018646e+02
2.889877246148245717e+02 3.023465988234204929e+02 3.001001235515166741e+02 3.037379076522065589e+02
2.865379527242833433e+02 2.986821583525543815e+02 2.960274312133921057e+02 3.010875213605814906e+02
2.873730104494011925e+02 2.999441214559128639e+02 2.972229294451321380e+02 3.019795259415334385e+02
2.879360299581676941e+02 3.020758884443226293e+02 2.994893515698085480e+02 3.024566208915431957e+02
2.898422992891840977e+02 3.040437500471219892e+02 3.017316690330187043e+02 3.040588078786661299e+02
2.895461646132550868e+02 3.019077032555075562e+02 2.992746819407183239e+02 3.033573612529920638e+02
2.887965152305996526e+02 3.032519161593162380e+02 3.001411553374720143e+02 3.032565858710970588e+02
2.887141657227257951e+02 3.031777757519508327e+02 3.001170160466180619e+02 3.031721109137214967e+02
2.884604508094552102e+02 3.023213327540074147e+02 2.999324507614511504e+02 3.026414472700734564e+02
2.874609665192544981e+02 3.005552116781753966e+02 2.978253166840495965e+02 3.018703316885257664e+02
2.896266052522180985e+02 3.026931327271839791e+02 3.005102462727219290e+02 3.042678188775689136e+02
2.882841394826214696e+02 3.020922111866468640e+02 2.992153123368018441e+02 3.025419546839183909e+02
2.887550173356247569e+02 3.032003979466283567e+02 3.005181365450796420e+02 3.029450493858829532e+02
2.879696646160538762e+02 3.002939415300016890e+02 2.973655842638569311e+02 3.017768131470059529e+02
2.892490206452676489e+02 3.026069786190394098e+02 2.997220008586785411e+02 3.028092034147967979e+02
2.886499681326200175e+02 3.029632598989904295e+02 3.002980075230281614e+02 3.028672959154960154e+02
2.895511116357406536e+02 3.039897056597786218e+02 3.011018964032073200e+02 3.039806656474759734e+02
2.889380153758830261e+02 3.023649541471721705e+02 2.990056390823132801e+02 3.024523515581543052e+02
2.879348521584402079e+02 3.017747325040331816e+02 2.985976454988185083e+02 3.021690454139560984e+02
2.901040379107345188e+02 3.043194602853997708e+02 3.020489386102807430e+02 3.039984537206743767e+02
2.899011869347157813e+02 3.022582534785907455e+02 3.002936509710036717e+02 3.035657359185958057e+02
2.879534143410955380e+02 3.007400705910444572e+02 2.977688610708395913e+02 3.022645246246200372e+02
2.899618856303698635e+02 3.025518550136141585e+02 3.007338153379709524e+02 3.035119271911661372e+02
2.881883083017040690e+02 3.022087650474753104e+02 2.997563737949989786e+02 3.024767179250809477e+02
2.901683668964393519e+02 3.043309928023018074e+02 3.019803280514775565e+02 3.040977828398695806e+02
2.890970913184894471e+02 3.030899261337510779e+02 3.008057167053332819e+02 3.031638616772689261e+02
2.895200566114917820e+02 3.019031747053919617e+02 2.991951308529001494e+02 3.032353235471675816e+02
2.887646276987018723e+02 3.028934299129796841e+02 3.007839640099294343e+02 3.033381695530270576e+02
2.873207326910250003e+02 2.988922417687230109e+02 2.964382792501952508e+02 3.012417271140453749e+02
2.883722500073134256e+02 3.022221347840127805e+02 2.994329927920725822e+02 3.025979592661347510e+02
2.880392485532795490e+02 3.018733061615780002e+02 2.992654470267868305e+02 3.028444242486539792e+02
2.901373329898146380e+02 3.046797567300012588e+02 3.028321966344580574e+02 3.042526062852383575e+02
2.900414404823296763e+02 3.045948423437969836e+02 3.020613337883272607e+02 3.042083565543705390e+02
2.893473907372437566e+02 3.029943756934465000e+02 3.003618578115413129e+02 3.039228544268123642e+02
2.870460501112193583e+02 2.996495901855566331e+02 2.971155500893121371e+02 3.014503266029710176e+02
2.893376796326013505e+02 3.016271666842347372e+02 2.992866061150967880e+02 3.032748784456153430e+02
2.885301906695775642e+02 3.027372545781265103e+02 2.998642240472373146e+02 3.030761658352104178e+02
2.876880055866363932e+02 3.009185383690973481e+02 2.979887373346150525e+02 3.022840072783221785e+02
2.889833027828577769e+02 3.030643091303242613e+02 2.996639416081230820e+02 3.031267841888891894e+02
2.892001190382722484e+02 3.037159505002775290e+02 3.005593913796494689e+02 3.036280167513148740e+02
2.875186258299715973e+02 3.011205293253909190e+02 2.980772188627396986e+02 3.022817659172404774e+02
2.901443095563495262e+02 3.027523961659694578e+02 3.005743874798415618e+02 3.037056928222719989e+02
2.891197803088442129e+02 3.023490495414193902e+02 2.999462647199182470e+02 3.039075490385832836e+02
2.895310183282438175e+02 3.020410111098765356e+02 3.000494631094542228e+02 3.032823356037760618e+02
2.893742324776661690e+02 3.028562650487961037e+02 3.000276885154295314e+02 3.029187989555036324e+02
2.888303502256283650e+02 3.037510695802876626e+02 3.004414052819641370e+02 3.031511262885781548e+02
2.883333520529784550e+02 3.023261839697440223e+02 2.992801866967123487e+02 3.026047216385059073e+02
2.879172835069535950e+02 3.019010711445143897e+02 2.990984399303632131e+02 3.026175207408592769e+02
2.885795224355334767e+02 3.028826359832037269e+02 3.006504351966067361e+02 3.026698022861231721e+02
2.882898381194552258e+02 3.022208841839459410e+02 2.994981933617297045e+02 3.029591847966187288e+02
2.882786526504573885e+02 3.023482156535483796e+02 2.992995081892119629e+02 3.028139046120182343e+02
2.880039062434504444e+02 3.017713726807875787e+02 2.986679347209731077e+02 3.022430977176355782e+02
2.886569647792679802e+02 3.032048512336986050e+02 3.009103514416951271e+02 3.027963665098551473e+02
2.877490663689678172e+02 3.017583437240927537e+02 2.983132520371578948e+02 3.020089101214933862e+02
2.885427234478142395e+02 3.030522797457323918e+02 3.000075571640687144e+02 3.027069808682225016e+02
2.883225179474848119e+02 3.025796810689776635e+02 2.997568746738438676e+02 3.028642874155042364e+02
2.874509460238277825e+02 3.009151339982944364e+02 2.978853918438477990e+02 3.018026877266260612e+02
2.887946809611993899e+02 3.017595122354048840e+02 2.988820120567544336e+02 3.025118114580451447e+02
2.873375210989030393e+02 3.000091198762173690e+02 2.975238315557469377e+02 3.022145216936479528e+02
2.897640179448081881e+02 3.030715283441569454e+02 3.012411932979751441e+02 3.032837055346154216e+02
2.893333919423232601e+02 3.025988705930878382e+02 3.007097672848411776e+02 3.041228095129127382e+02
2.888085607203141194e+02 3.027544620992847513e+02 2.996853072364360173e+02 3.032080166124189873e+02
2.886932077549870428e+02 3.027293110192821928e+02 2.999405187225409577e+02 3.031473939091901002e+02
2.899841411638149680e+02 3.044752363141017781e+02 3.018843708514821174e+02 3.038370849168827590e+02
2.894963055821587545e+02 3.031656199068456203e+02 3.003358929773492605e+02 3.029400152155585033e+02
2.878091571882397375e+02 2.997108528795105826e+02 2.968495894721232844e+02 3.016304614134955386e+02
2.896268862179591110e+02 3.029558963503172890e+02 3.009577549614544409e+02 3.042391655419867220e+02
2.877208556703524209e+02 3.021295685711705232e+02 2.992565460154115158e+02 3.022084508549421571e+02
2.879303396586446979e+02 3.014455003609075447e+02 2.985076431674211790e+02 3.023627157706556545e+02
2.898000045802307909e+02 3.045023700397865696e+02 3.015877758486901143e+02 3.035928632518704262e+02
2.897156909119684087e+02 3.032455603106122908e+02 3.015266076189370210e+02 3.042526765078516746e+02
2.896976438620754379e+02 3.022039945055613543e+02 3.001485397878314529e+02 3.034419490178067917e+02
2.875747263655404140e+02 3.013322752511674025e+02 2.989414133111043839e+02 3.022489530290231983e+02
2.901413063138310804e+02 3.042372145336661333e+02 3.020105193151623553e+02 3.044638064878143382e+02
2.890742247709434309e+02 3.027808845802887276e+02 3.006448882620097152e+02 3.039253677568577245e+02
2.899321932836336373e+02 3.043520552482464154e+02 3.019729777643223656e+02 3.042432035265840682e+02
2.870452751100290811e+02 2.997776957794354757e+02 2.969685160922696809e+02 3.016899770882186544e+02
2.886039258710219997e+02 3.030266258153660601e+02 2.996508999315434494e+02 3.031158890599047027e+02
2.896189181707253510e+02 3.025520316140356272e+02 2.995742382131686554e+02 3.032173867265471472e+02
2.884103214124846204e+02 3.025624975332722784e+02 2.997868428958240656e+02 3.027400316204736441e+02
2.879172802195631107e+02 3.015871899624549428e+02 2.983879517114780242e+02 3.021427710903903403e+02
2.886598700199719474e+02 3.031807216508870511e+02 3.004966858603970650e+02 3.026355699977953577e+02
2.896290838287002316e+02 3.031689332125989722e+02 3.011708684484596006e+02 3.042827003677418816e+02
2.865920862686717783e+02 2.983961382696658688e+02 2.956018358560023103e+02 3.011896905762171173e+02
2.896716028381115393e+02 3.024403510897049046e+02 2.999826064022403216e+02 3.034157125688247447e+02
2.894753111225070370e+02 3.026203837647519208e+02 3.002324491271960483e+02 3.029531377566618175e+02
2.888703495894920934e+02 3.029632231953294763e+02 3.005835736123890456e+02 3.032835095595686994e+02
